-232184.418543 -314381.535181 -97722.516492
-231949.834683 -314541.748761 -97795.426496
-231714.965114 -314701.897008 -97868.332039
-231479.966428 -314861.872907 -97941.184425
-231244.838761 -315021.676378 -98013.983619
-231009.582253 -315181.307345 -98086.729583
-230774.197043 -315340.765729 -98159.422280
-230538.683269 -315500.051452 -98232.061674
-230303.041070 -315659.164436 -98304.647727
-230067.270585 -315818.104605 -98377.180403
-229831.371952 -315976.871880 -98449.659664
-229595.345312 -316135.466183 -98522.085475
-229359.190802 -316293.887439 -98594.457797
-229122.908562 -316452.135568 -98666.776595
-228886.498731 -316610.210495 -98739.041831
-228649.961448 -316768.112142 -98811.253469
-228413.296852 -316925.840432 -98883.411473
-228176.505083 -317083.395288 -98955.515805
-227939.586279 -317240.776634 -99027.566429
-227702.540580 -317397.984392 -99099.563309
-227465.368126 -317555.018487 -99171.506407
-227228.069056 -317711.878841 -99243.395688
-226990.643509 -317868.565378 -99315.231115
-226753.091624 -318025.078022 -99387.012651
-226515.413542 -318181.416696 -99458.740260
-226277.609403 -318337.581325 -99530.413905
-226039.679345 -318493.571832 -99602.033551
-225801.623508 -318649.388142 -99673.599161
-225563.442032 -318805.030179 -99745.110699
-225325.135057 -318960.497866 -99816.568127
-225086.702724 -319115.791128 -99887.971411
-224848.145170 -319270.909890 -99959.320514
-224609.462538 -319425.854076 -100030.615399
-224370.654966 -319580.623611 -100101.856031
-224131.722595 -319735.218419 -100173.042373
-223892.665564 -319889.638425 -100244.174389
-223653.484015 -320043.883554 -100315.252044
-223414.178086 -320197.953732 -100386.275301
-223174.747919 -320351.848882 -100457.244124
-222935.193653 -320505.568931 -100528.158477
-222695.515429 -320659.113804 -100599.018325
-222455.713388 -320812.483425 -100669.823631
-222215.787669 -320965.677721 -100740.574359
-221975.738413 -321118.696617 -100811.270474
-221735.565761 -321271.540038 -100881.911940
-221495.269853 -321424.207911 -100952.498721
-221254.850829 -321576.700161 -101023.030781
-221014.308831 -321729.016714 -101093.508085
-220773.643999 -321881.157496 -101163.930596
-220532.856474 -322033.122433 -101234.298280
-220291.946397 -322184.911452 -101304.611100
-220050.913908 -322336.524478 -101374.869021
-219809.759148 -322487.961438 -101445.072008
-219568.482258 -322639.222259 -101515.220024
-219327.083380 -322790.306868 -101585.313035
-219085.562654 -322941.215190 -101655.351004
-218843.920221 -323091.947153 -101725.333897
-218602.156222 -323242.502683 -101795.261678
-218360.270799 -323392.881707 -101865.134311
-218118.264092 -323543.084154 -101934.951761
-217876.136244 -323693.109948 -102004.713993
-217633.887394 -323842.959019 -102074.420972
-217391.517685 -323992.631293 -102144.072662
-217149.027258 -324142.126698 -102213.669028
-216906.416254 -324291.445161 -102283.210035
-216663.684815 -324440.586609 -102352.695647
-216420.833082 -324589.550971 -102422.125830
-216177.861196 -324738.338175 -102491.500548
-215934.769301 -324886.948147 -102560.819767
-215691.557536 -325035.380817 -102630.083451
-215448.226044 -325183.636112 -102699.291565
-215204.774966 -325331.713961 -102768.444074
-214961.204445 -325479.614291 -102837.540943
-214717.514621 -325627.337032 -102906.582138
-214473.705638 -325774.882111 -102975.567623
-214229.777636 -325922.249457 -103044.497363
-213985.730758 -326069.438999 -103113.371324
-213741.565145 -326216.450666 -103182.189471
-213497.280941 -326363.284386 -103250.951769
-213252.878286 -326509.940088 -103319.658184
-213008.357323 -326656.417702 -103388.308680
-212763.718195 -326802.717156 -103456.903223
-212518.961042 -326948.838380 -103525.441778
-212274.086009 -327094.781303 -103593.924311
-212029.093236 -327240.545855 -103662.350787
-211783.982866 -327386.131964 -103730.721171
-211538.755043 -327531.539561 -103799.035429
-211293.409907 -327676.768575 -103867.293527
-211047.947602 -327821.818937 -103935.495429
-210802.368269 -327966.690575 -104003.641102
-210556.672053 -328111.383420 -104071.730512
-210310.859095 -328255.897402 -104139.763622
-210064.929537 -328400.232451 -104207.740401
-209818.883524 -328544.388498 -104275.660812
-209572.721196 -328688.365472 -104343.524822
-209326.442698 -328832.163305 -104411.332396
-209080.048172 -328975.781926 -104479.083501
-208833.537760 -329119.221267 -104546.778102
-208586.911606 -329262.481258 -104614.416165
-208340.169853 -329405.561830 -104681.997655
-208093.312643 -329548.462913 -104749.522539
-207846.340121 -329691.184440 -104816.990783
-207599.252427 -329833.726340 -104884.402352
-207352.049707 -329976.088546 -104951.757213
-207104.732103 -330118.270989 -105019.055331
-206857.299758 -330260.273599 -105086.296673
-206609.752816 -330402.096309 -105153.481205
-206362.091419 -330543.739049 -105220.608892
-206114.315712 -330685.201753 -105287.679702
-205866.425835 -330826.484351 -105354.693599
-205618.421936 -330967.586776 -105421.650551
-205370.304157 -331108.508958 -105488.550523
-205122.072640 -331249.250831 -105555.393482
-204873.727530 -331389.812326 -105622.179395
-204625.268969 -331530.193376 -105688.908226
-204376.697103 -331670.393913 -105755.579944
-204128.012074 -331810.413870 -105822.194513
-203879.214026 -331950.253178 -105888.751902
-203630.303102 -332089.911772 -105955.252075
-203381.279448 -332229.389583 -106021.695000
-203132.143205 -332368.686544 -106088.080643
-202882.894519 -332507.802588 -106154.408971
-202633.533534 -332646.737649 -106220.679949
-202384.060392 -332785.491658 -106286.893546
-202134.475239 -332924.064551 -106353.049727
-201884.778218 -333062.456259 -106419.148459
-201634.969473 -333200.666716 -106485.189709
-201385.049149 -333338.695855 -106551.173444
-201135.017389 -333476.543611 -106617.099630
-200884.874339 -333614.209917 -106682.968233
-200634.620141 -333751.694707 -106748.779222
-200384.254941 -333888.997914 -106814.532563
-200133.778882 -334026.119473 -106880.228222
-199883.192110 -334163.059317 -106945.866167
-199632.494768 -334299.817380 -107011.446365
-199381.687001 -334436.393598 -107076.968782
-199130.768954 -334572.787904 -107142.433385
-198879.740770 -334709.000233 -107207.840142
-198628.602595 -334845.030519 -107273.189020
-198377.354574 -334980.878697 -107338.479985
-198125.996850 -335116.544701 -107403.713006
-197874.529569 -335252.028467 -107468.888048
-197622.952875 -335387.329929 -107534.005080
-197371.266913 -335522.449023 -107599.064068
-197119.471828 -335657.385683 -107664.064980
-196867.567765 -335792.139844 -107729.007783
-196615.554868 -335926.711443 -107793.892445
-196363.433283 -336061.100413 -107858.718932
-196111.203155 -336195.306692 -107923.487212
-195858.864628 -336329.330214 -107988.197253
-195606.417848 -336463.170915 -108052.849022
-195353.862960 -336596.828730 -108117.442486
-195101.200108 -336730.303597 -108181.977614
-194848.429439 -336863.595450 -108246.454371
-194595.551097 -336996.704225 -108310.872727
-194342.565227 -337129.629860 -108375.232649
-194089.471975 -337262.372289 -108439.534104
-193836.271487 -337394.931450 -108503.777060
-193582.963907 -337527.307279 -108567.961485
-193329.549381 -337659.499712 -108632.087346
-193076.028054 -337791.508686 -108696.154612
-192822.400072 -337923.334138 -108760.163249
-192568.665581 -338054.976004 -108824.113226
-192314.824726 -338186.434222 -108888.004511
-192060.877652 -338317.708728 -108951.837072
-191806.824506 -338448.799460 -109015.610876
-191552.665432 -338579.706354 -109079.325892
-191298.400578 -338710.429349 -109142.982087
-191044.030088 -338840.968381 -109206.579429
-190789.554108 -338971.323387 -109270.117887
-190534.972784 -339101.494307 -109333.597428
-190280.286262 -339231.481076 -109397.018022
-190025.494688 -339361.283634 -109460.379635
-189770.598208 -339490.901917 -109523.682236
-189515.596968 -339620.335864 -109586.925793
-189260.491113 -339749.585413 -109650.110275
-189005.280791 -339878.650502 -109713.235649
-188749.966147 -340007.531069 -109776.301885
-188494.547327 -340136.227052 -109839.308949
-188239.024477 -340264.738391 -109902.256812
-187983.397744 -340393.065023 -109965.145440
-187727.667274 -340521.206888 -110027.974803
-187471.833213 -340649.163923 -110090.744869
-187215.895708 -340776.936068 -110153.455607
-186959.854904 -340904.523261 -110216.106984
-186703.710949 -341031.925443 -110278.698970
-186447.463989 -341159.142551 -110341.231533
-186191.114170 -341286.174525 -110403.704642
-185934.661639 -341413.021304 -110466.118265
-185678.106542 -341539.682828 -110528.472371
-185421.449026 -341666.159036 -110590.766929
-185164.689238 -341792.449868 -110653.001907
-184907.827324 -341918.555263 -110715.177275
-184650.863431 -342044.475161 -110777.293001
-184393.797706 -342170.209503 -110839.349053
-184136.630296 -342295.758228 -110901.345402
-183879.361346 -342421.121275 -110963.282015
-183621.991005 -342546.298586 -111025.158861
-183364.519419 -342671.290101 -111086.975911
-183106.946736 -342796.095759 -111148.733131
-182849.273101 -342920.715502 -111210.430493
-182591.498662 -343045.149269 -111272.067963
-182333.623567 -343169.397003 -111333.645513
-182075.647961 -343293.458642 -111395.163111
-181817.571993 -343417.334128 -111456.620725
-181559.395810 -343541.023403 -111518.018326
-181301.119558 -343664.526407 -111579.355882
-181042.743384 -343787.843080 -111640.633362
-180784.267438 -343910.973365 -111701.850737
-180525.691864 -344033.917203 -111763.007974
-180267.016811 -344156.674535 -111824.105045
-180008.242427 -344279.245302 -111885.141917
-179749.368858 -344401.629447 -111946.118560
-179490.396252 -344523.826911 -112007.034945
-179231.324756 -344645.837635 -112067.891039
-178972.154519 -344767.661562 -112128.686814
-178712.885687 -344889.298633 -112189.422237
-178453.518408 -345010.748791 -112250.097280
-178194.052830 -345132.011978 -112310.711910
-177934.489101 -345253.088136 -112371.266099
-177674.827367 -345373.977208 -112431.759816
-177415.067778 -345494.679135 -112492.193030
-177155.210480 -345615.193861 -112552.565711
-176895.255621 -345735.521328 -112612.877829
-176635.203350 -345855.661479 -112673.129354
-176375.053814 -345975.614256 -112733.320255
-176114.807161 -346095.379604 -112793.450503
-175854.463539 -346214.957464 -112853.520067
-175594.023096 -346334.347779 -112913.528917
-175333.485980 -346453.550494 -112973.477023
-175072.852339 -346572.565552 -113033.364355
-174812.122321 -346691.392895 -113093.190883
-174551.296075 -346810.032467 -113152.956578
-174290.373747 -346928.484213 -113212.661408
-174029.355488 -347046.748075 -113272.305345
-173768.241444 -347164.823998 -113331.888358
-173507.031764 -347282.711925 -113391.410418
-173245.726597 -347400.411800 -113450.871495
-172984.326090 -347517.923568 -113510.271559
-172722.830393 -347635.247173 -113569.610580
-172461.239652 -347752.382558 -113628.888529
-172461.065227 -347752.460586 -113628.928027

