-15015.400000 -23569.000000 2241.500000
-15149.272063 -25063.940623 1976.005953
-15261.710792 -26524.310133 1707.517850
-15355.099992 -27951.605470 1436.890450
-15431.531371 -29348.059271 1164.669525
-15492.783520 -30715.667958 891.297360
-15540.380482 -32056.223708 617.134829
-15575.637403 -33371.341455 342.478130
-15599.696476 -34662.481726 67.571626
-15613.555564 -35930.970001 -207.382208
-15618.091179 -37178.013180 -482.214990
-15614.077113 -38404.713642 -756.786279
-15602.199652 -39612.081295 -1030.978672
-15583.070100 -40801.043930 -1304.693867
-15557.235158 -41972.456175 -1577.849483
-15525.185581 -43127.107247 -1850.376469
-15487.363443 -44265.727699 -2122.216987
-15444.168274 -45388.995309 -2393.322661
-15395.962257 -46497.540244 -2663.653138
-15343.074677 -47591.949596 -2933.174879
-15285.805711 -48672.771384 -3201.860160
-15224.429715 -49740.518093 -3469.686223
-15159.198044 -50795.669818 -3736.634569
-15090.341509 -51838.677057 -4002.690352
-15018.072520 -52869.963211 -4267.841872
-14942.586952 -53889.926808 -4532.080138
-14864.065786 -54898.943516 -4795.398497
-14782.676552 -55897.367935 -5057.792312
-14698.574604 -56885.535224 -5319.258694
-14611.904249 -57863.762567 -5579.796260
-14522.799745 -58832.350501 -5839.404932
-14431.386196 -59791.584118 -6098.085761
-14337.780347 -60741.734163 -6355.840774
-14242.091293 -61683.058028 -6612.672837
-14144.421120 -62615.800663 -6868.585547
-14044.865481 -63540.195407 -7123.583122
-13943.514106 -64456.464754 -7377.670320
-13840.451274 -65364.821042 -7630.852360
-13735.756235 -66265.467106 -7883.134852
-13629.503587 -67158.596859 -8134.523739
-13521.763629 -68044.395842 -8385.025248
-13412.602672 -68923.041724 -8634.645840
-13302.083330 -69794.704765 -8883.392174
-13190.264780 -70659.548247 -9131.271069
-13077.203000 -71517.728871 -9378.289473
-12962.950993 -72369.397127 -9624.454438
-12847.558985 -73214.697636 -9869.773094
-12731.074610 -74053.769467 -10114.252629
-12613.543080 -74886.746438 -10357.900269
-12495.007341 -75713.757388 -10600.723264
-12375.508216 -76534.926441 -10842.728871
-12255.084540 -77350.373240 -11083.924345
-12133.773283 -78160.213179 -11324.316923
-12011.609657 -78964.557608 -11563.913820
-11888.627233 -79763.514037 -11802.722215
-11764.858025 -80557.186315 -12040.749248
-11640.332593 -81345.674811 -12278.002011
-11515.080117 -82129.076571 -12514.487545
-11389.128482 -82907.485474 -12750.212832
-11262.504347 -83680.992380 -12985.184792
-11135.233215 -84449.685259 -13219.410283
-11007.339493 -85213.649326 -13452.896090
-10878.846557 -85972.967161 -13685.648933
-10749.776801 -86727.718819 -13917.675455
-10620.151691 -87477.981942 -14148.982227
-10489.991815 -88223.831861 -14379.575744
-10359.316926 -88965.341691 -14609.462423
-10228.145985 -89702.582422 -14838.648605
-10096.497203 -90435.623009 -15067.140552
-9964.388072 -91164.530448 -15294.944447
-9831.835410 -91889.369861 -15522.066394
-9698.855384 -92610.204566 -15748.512421
-9565.463548 -93327.096145 -15974.288474
-9431.674870 -94040.104517 -16199.400420
-9297.503759 -94749.287994 -16423.854052
-9162.964091 -95454.703348 -16647.655082
-9028.069234 -96156.405865 -16870.809146
-8892.832074 -96854.449398 -17093.321802
-8757.265030 -97548.886423 -17315.198534
-8621.380082 -98239.768088 -17536.444751
-8485.188786 -98927.144257 -17757.065786
-8348.702295 -99611.063558 -17977.066899
-8211.931373 -100291.573427 -18196.453279
-8074.886418 -100968.720147 -18415.230040
-7937.577470 -101642.548889 -18633.402229
-7800.014233 -102313.103747 -18850.974820
-7662.206083 -102980.427779 -19067.952719
-7524.162088 -103644.563037 -19284.340764
-7385.891013 -104305.550602 -19500.143726
-7247.401340 -104963.430614 -19715.366311
-7108.701275 -105618.242306 -19930.013158
-6969.798758 -106270.024030 -20144.088843
-6830.701477 -106918.813283 -20357.597878
-6691.416878 -107564.646739 -20570.544714
-6551.952170 -108207.560272 -20782.933740
-6412.314339 -108847.588978 -20994.769285
-6272.510152 -109484.767204 -21206.055620
-6132.546170 -110119.128568 -21416.796954
-5992.428754 -110750.705977 -21626.997444
-5852.164069 -111379.531657 -21836.661186
-5711.758099 -112005.637164 -22045.792223
-5571.216644 -112629.053410 -22254.394543
-5430.545334 -113249.810677 -22462.472079
-5289.749635 -113867.938640 -22670.028714
-5148.834848 -114483.466380 -22877.068276
-5007.806124 -115096.422402 -23083.594545
-4866.668462 -115706.834652 -23289.611249
-4725.426720 -116314.730531 -23495.122066
-4584.085613 -116920.136912 -23700.130628
-4442.649727 -117523.080154 -23904.640517
-4301.123515 -118123.586114 -24108.655269
-4159.511307 -118721.680162 -24312.178376
-4017.817312 -119317.387194 -24515.213281
-3876.045622 -119910.731644 -24717.763385
-3734.200215 -120501.737498 -24919.832045
-3592.284963 -121090.428301 -25121.422573
-3450.303630 -121676.827175 -25322.538243
-3308.259879 -122260.956824 -25523.182282
-3166.157275 -122842.839548 -25723.357881
-3023.999285 -123422.497252 -25923.068187
-2881.789288 -123999.951456 -26122.316311
-2739.530568 -124575.223304 -26321.105322
-2597.226328 -125148.333576 -26519.438252
-2454.879683 -125719.302694 -26717.318097
-2312.493669 -126288.150730 -26914.747814
-2170.071241 -126854.897418 -27111.730324
-2027.615280 -127419.562159 -27308.268512
-1885.128593 -127982.164033 -27504.365231
-1742.613912 -128542.721799 -27700.023295
-1600.073904 -129101.253911 -27895.245486
-1457.511165 -129657.778520 -28090.034553
-1314.928227 -130212.313482 -28284.393213
-1172.327559 -130764.876368 -28478.324147
-1029.711568 -131315.484463 -28671.830009
-887.082599 -131864.154782 -28864.913418
-744.442943 -132410.904068 -29057.576964
-601.794832 -132955.748803 -29249.823206
-459.140443 -133498.705212 -29441.654674
-316.481901 -134039.789268 -29633.073868
-173.821279 -134579.016700 -29824.083259
-31.160600 -135116.402996 -30014.685291
111.498162 -135651.963407 -30204.882378
254.153081 -136185.712959 -30394.676907
396.802276 -136717.666448 -30584.071240
539.443912 -137247.838452 -30773.067711
682.076196 -137776.243333 -30961.668626
824.697378 -138302.895243 -31149.876268
967.305750 -138827.808126 -31337.692894
1109.899644 -139350.995724 -31525.120734
1252.477429 -139872.471580 -31712.161995
1395.037514 -140392.249045 -31898.818861
1537.578345 -140910.341279 -32085.093489
1680.098403 -141426.761254 -32270.988016
1822.596204 -141941.521761 -32456.504552
1965.070297 -142454.635412 -32641.645188
2107.519268 -142966.114643 -32826.411991
2249.941731 -143475.971719 -33010.807004
2392.336334 -143984.218736 -33194.832251
2534.701754 -144490.867625 -33378.489734
2677.036700 -144995.930153 -33561.781432
2819.339908 -145499.417932 -33744.709305
2961.610143 -146001.342415 -33927.275293
3103.846198 -146501.714902 -34109.481315
3246.046893 -147000.546546 -34291.329268
3388.211074 -147497.848350 -34472.821033
3530.337613 -147993.631174 -34653.958469
3672.425405 -148487.905736 -34834.743417
3814.473372 -148980.682614 -35015.177700
3956.480458 -149471.972251 -35195.263121
4098.445632 -149961.784956 -35375.001465
4240.367883 -150450.130905 -35554.394501
4382.246223 -150937.020146 -35733.443976
4524.079688 -151422.462601 -35912.151625
4665.867330 -151906.468064 -36090.519162
4807.608227 -152389.046211 -36268.548284
4949.301472 -152870.206596 -36446.240674
5090.946182 -153349.958654 -36623.597996
5232.541489 -153828.311705 -36800.621898
5374.086545 -154305.274955 -36977.314013
5515.580523 -154780.857500 -37153.675957
5657.022609 -155255.068322 -37329.709332
5798.412010 -155727.916297 -37505.415723
5939.747947 -156199.410197 -37680.796701
6081.029660 -156669.558685 -37855.853820
6222.256404 -157138.370325 -38030.588623
6363.427450 -157605.853579 -38205.002634
6504.542084 -158072.016809 -38379.097366
6645.599608 -158536.868280 -38552.874315
6786.599336 -159000.416161 -38726.334967
6927.540601 -159462.668527 -38899.480789
7068.422745 -159923.633359 -39072.313239
7209.245128 -160383.318549 -39244.833759
7350.007121 -160841.731896 -39417.043778
7490.708108 -161298.881114 -39588.944714
7631.347487 -161754.773828 -39760.537968
7771.924667 -162209.417578 -39931.824932
7912.439073 -162662.819819 -40102.806983
8052.890136 -163114.987924 -40273.485488
8193.277304 -163565.929186 -40443.861800
8333.600034 -164015.650814 -40613.937259
8473.857795 -164464.159942 -40783.713196
8614.050066 -164911.463624 -40953.190927
8754.176338 -165357.568838 -41122.371759
8894.236111 -165802.482487 -41291.256985
9034.228897 -166246.211398 -41459.847889
9174.154217 -166688.762328 -41628.145743
9314.011602 -167130.141960 -41796.151806
9453.800593 -167570.356907 -41963.867329
9593.520740 -168009.413711 -42131.293551
9733.171603 -168447.318846 -42298.431700
9872.752749 -168884.078720 -42465.282994
10012.263755 -169319.699671 -42631.848640
10151.704209 -169754.187975 -42798.129834
10291.073704 -170187.549839 -42964.127765
10430.371843 -170619.791411 -43129.843608
10569.598236 -171050.918772 -43295.278531
10708.752503 -171480.937944 -43460.433691
10847.834269 -171909.854887 -43625.310235
10986.843170 -172337.675499 -43789.909301
11125.778847 -172764.405622 -43954.232019
11264.640948 -173190.051037 -44118.279506
11403.429130 -173614.617470 -44282.052873
11542.143056 -174038.110587 -44445.553220
11680.782396 -174460.536000 -44608.781640
11819.346826 -174881.899267 -44771.739216
11957.836031 -175302.205888 -44934.427021
12096.249700 -175721.461313 -45096.846121
12234.587529 -176139.670937 -45258.997573
12372.849220 -176556.840103 -45420.882426
12511.034482 -176972.974104 -45582.501718
12649.143030 -177388.078181 -45743.856483
12787.174584 -177802.157524 -45904.947744
12925.128870 -178215.217276 -46065.776515
13063.005619 -178627.262531 -46226.343804
13200.804568 -179038.298332 -46386.650612
13338.525461 -179448.329679 -46546.697929
13476.168045 -179857.361521 -46706.486739
13613.732072 -180265.398764 -46866.018018
13751.217302 -180672.446267 -47025.292736
13888.623497 -181078.508845 -47184.311854
14025.950426 -181483.591268 -47343.076324
14026.041951 -181483.860997 -47343.182083

