-15015.400000 -23569.000000 2241.500000
-15044.047620 -23871.162102 2188.628964
-15071.742736 -24171.812897 2135.619304
-15098.509874 -24470.975495 2082.478102
-15124.372666 -24768.672445 2029.212121
-15149.353894 -25064.925759 1975.827815
-15173.475528 -25359.756927 1922.331355
-15196.758764 -25653.186926 1868.728636
-15219.224058 -25945.236246 1815.025294
-15240.891159 -26235.924895 1761.226722
-15261.779145 -26525.272418 1707.338077
-15281.906445 -26813.297912 1653.364299
-15301.290874 -27100.020034 1599.310112
-15319.949657 -27385.457020 1545.180047
-15337.899453 -27669.626694 1490.978439
-15355.156381 -27952.546479 1436.709446
-15371.736042 -28234.233412 1382.377053
-15387.653541 -28514.704153 1327.985082
-15402.923506 -28793.974998 1273.537198
-15417.560107 -29072.061885 1219.036917
-15431.577080 -29348.980409 1164.487616
-15444.987736 -29624.745831 1109.892534
-15457.804985 -29899.373084 1055.254783
-15470.041347 -30172.876787 1000.577350
-15481.708970 -30445.271250 945.863107
-15492.819643 -30716.570485 891.114812
-15503.384811 -30986.788213 836.335116
-15513.415585 -31255.937873 781.526569
-15522.922761 -31524.032629 726.691620
-15531.916823 -31791.085378 671.832628
-15540.407962 -32057.108756 616.951859
-15548.406082 -32322.115148 562.051495
-15555.920813 -32586.116691 507.133636
-15562.961520 -32849.125283 452.200302
-15569.537313 -33111.152590 397.253438
-15575.657054 -33372.210048 342.294917
-15581.329369 -33632.308876 287.326544
-15586.562655 -33891.460073 232.350054
-15591.365084 -34149.674433 177.367121
-15595.744618 -34406.962543 122.379358
-15599.709010 -34663.334791 67.388318
-15603.265814 -34918.801370 12.395498
-15606.422390 -35173.372288 -42.597658
-15609.185914 -35427.057363 -97.589761
-15611.563378 -35679.866238 -152.579468
-15613.561602 -35931.808379 -207.565487
-15615.187237 -36182.893080 -262.546572
-15616.446769 -36433.129470 -317.521518
-15617.346526 -36682.526514 -372.489168
-15617.892684 -36931.093020 -427.448401
-15618.091270 -37178.837639 -482.398139
-15617.948167 -37425.768873 -537.337341
-15617.469119 -37671.895076 -592.265001
-15616.659735 -37917.224456 -647.180152
-15615.525492 -38161.765082 -702.081856
-15614.071742 -38405.524887 -756.969212
-15612.303712 -38648.511667 -811.841349
-15610.226511 -38890.733089 -866.697426
-15607.845132 -39132.196691 -921.536630
-15605.164455 -39372.909887 -976.358180
-15602.189250 -39612.879969 -1031.161318
-15598.924183 -39852.114106 -1085.945315
-15595.373816 -40090.619356 -1140.709467
-15591.542611 -40328.402658 -1195.453093
-15587.434933 -40565.470841 -1250.175538
-15583.055053 -40801.830627 -1304.876166
-15578.407149 -41037.488627 -1359.554366
-15573.495312 -41272.451352 -1414.209549
-15568.323544 -41506.725207 -1468.841143
-15562.895764 -41740.316501 -1523.448599
-15557.215810 -41973.231442 -1578.031384
-15551.287438 -42205.476143 -1632.588987
-15545.114328 -42437.056625 -1687.120913
-15538.700083 -42667.978816 -1741.626683
-15532.048235 -42898.248554 -1796.105838
-15525.162242 -43127.871590 -1850.557931
-15518.045494 -43356.853588 -1904.982534
-15510.701312 -43585.200129 -1959.379232
-15503.132951 -43812.916711 -2013.747627
-15495.343602 -44040.008750 -2068.087331
-15487.336394 -44266.481585 -2122.397974
-15479.114394 -44492.340476 -2176.679196
-15470.680610 -44717.590607 -2230.930652
-15462.037991 -44942.237088 -2285.152007
-15453.189431 -45166.284956 -2339.342941
-15444.137767 -45389.739175 -2393.503144
-15434.885783 -45612.604641 -2447.632315
-15425.436212 -45834.886181 -2501.730168
-15415.791732 -46056.588552 -2555.796425
-15405.954976 -46277.716447 -2609.830819
-15395.928524 -46498.274496 -2663.833092
-15385.714910 -46718.267260 -2717.802996
-15375.316623 -46937.699244 -2771.740292
-15364.736105 -47156.574886 -2825.644752
-15353.975754 -47374.898568 -2879.516153
-15343.037925 -47592.674611 -2933.354284
-15331.924930 -47809.907279 -2987.158940
-15320.639042 -48026.600780 -3040.929925
-15309.182492 -48242.759264 -3094.667049
-15297.557471 -48458.386828 -3148.370132
-15285.766133 -48673.487515 -3202.038999
-15273.810595 -48888.065316 -3255.673484
-15261.692934 -49102.124169 -3309.273425
-15249.415196 -49315.667962 -3362.838669
-15236.979389 -49528.700533 -3416.369069
-15224.387485 -49741.225671 -3469.864483
-15211.641427 -49953.247116 -3523.324776
-15198.743121 -50164.768563 -3576.749820
-15185.694444 -50375.793658 -3630.139489
-15172.497240 -50586.326002 -3683.493666
-15159.153322 -50796.369153 -3736.812238
-15145.664475 -51005.926622 -3790.095097
-15132.032452 -51215.001880 -3843.342141
-15118.258978 -51423.598352 -3896.553270
-15104.345753 -51631.719424 -3949.728394
-15090.294444 -51839.368440 -4002.867422
-15076.106695 -52046.548703 -4055.970270
-15061.784123 -52253.263476 -4109.036859
-15047.328319 -52459.515985 -4162.067114
-15032.740846 -52665.309415 -4215.060962
-15018.023247 -52870.646915 -4268.018336
-15003.177038 -53075.531596 -4320.939172
-14988.203710 -53279.966533 -4373.823410
-14973.104733 -53483.954765 -4426.670994
-14957.881554 -53687.499295 -4479.481871
-14942.535597 -53890.603092 -4532.255991
-14927.068263 -54093.269091 -4584.993308
-14911.480933 -54295.500191 -4637.693779
-14895.774968 -54497.299262 -4690.357364
-14879.951705 -54698.669138 -4742.984027
-14864.012464 -54899.612623 -4795.573734
-14847.958543 -55100.132487 -4848.126453
-14831.791223 -55300.231471 -4900.642157
-14815.511762 -55499.912285 -4953.120820
-14799.121404 -55699.177609 -5005.562418
-14782.621371 -55898.030094 -5057.966932
-14766.012869 -56096.472359 -5110.334344
-14749.297085 -56294.506997 -5162.664638
-14732.475190 -56492.136573 -5214.957802
-14715.548337 -56689.363621 -5267.213824
-14698.517664 -56886.190652 -5319.432695
-14681.384290 -57082.620146 -5371.614410
-14664.149320 -57278.654559 -5423.758963
-14646.813842 -57474.296320 -5475.866353
-14629.378931 -57669.547831 -5527.936579
-14611.845642 -57864.411471 -5579.969642
-14594.215021 -58058.889591 -5631.965545
-14576.488095 -58252.984520 -5683.924295
-14558.665878 -58446.698561 -5735.845897
-14540.749370 -58640.033994 -5787.730360
-14522.739558 -58832.993075 -5839.577695
-14504.637415 -59025.578037 -5891.387913
-14486.443898 -59217.791089 -5943.161027
-14468.159955 -59409.634418 -5994.897053
-14449.786519 -59601.110191 -6046.596007
-14431.324510 -59792.220548 -6098.257906
-14412.774837 -59982.967613 -6149.882770
-14394.138395 -60173.353484 -6201.470619
-14375.416068 -60363.380241 -6253.021475
-14356.608728 -60553.049942 -6304.535362
-14337.717236 -60742.364625 -6356.012302
-14318.742442 -60931.326307 -6407.452323
-14299.685182 -61119.936986 -6458.855449
-14280.546284 -61308.198640 -6510.221710
-14261.326564 -61496.113227 -6561.551134
-14242.026828 -61683.682688 -6612.843752
-14222.647870 -61870.908944 -6664.099593
-14203.190476 -62057.793896 -6715.318689
-14183.655419 -62244.339428 -6766.501075
-14164.043464 -62430.547408 -6817.646784
-14144.355368 -62616.419681 -6868.755849
-14124.591873 -62801.958080 -6919.828308
-14104.753718 -62987.164418 -6970.864196
-14084.841627 -63172.040489 -7021.863552
-14064.856319 -63356.588075 -7072.826412
-14044.798502 -63540.808936 -7123.752816
-14024.668874 -63724.704820 -7174.642804
-14004.468129 -63908.277456 -7225.496415
-13984.196946 -64091.528558 -7276.313692
-13963.856001 -64274.459824 -7327.094676
-13943.445958 -64457.072937 -7377.839409
-13922.967475 -64639.369564 -7428.547935
-13902.421202 -64821.351356 -7479.220297
-13881.807779 -65003.019950 -7529.856540
-13861.127841 -65184.376969 -7580.456708
-13840.382013 -65365.424019 -7631.020848
-13819.570913 -65546.162694 -7681.549004
-13798.695153 -65726.594573 -7732.041224
-13777.755336 -65906.721220 -7782.497555
-13756.752059 -66086.544186 -7832.918045
-13735.685910 -66266.065008 -7883.302741
-13714.557474 -66445.285210 -7933.651692
-13693.367323 -66624.206300 -7983.964948
-13672.116029 -66802.829778 -8034.242557
-13650.804152 -66981.157125 -8084.484569
-13629.432248 -67159.189813 -8134.691035
-13608.000867 -67336.929301 -8184.862005
-13586.510550 -67514.377033 -8234.997530
-13564.961834 -67691.534444 -8285.097663
-13543.355250 -67868.402953 -8335.162453
-13521.691321 -68044.983969 -8385.191954
-13499.970566 -68221.278890 -8435.186218
-13478.193497 -68397.289100 -8485.145298
-13456.360620 -68573.015973 -8535.069246
-13434.472435 -68748.460869 -8584.958116
-13412.529439 -68923.625140 -8634.811962
-13390.532119 -69098.510124 -8684.630837
-13368.480961 -69273.117148 -8734.414795
-13346.376442 -69447.447531 -8784.163891
-13324.219036 -69621.502577 -8833.878180
-13302.009211 -69795.283581 -8883.557715
-13279.747429 -69968.791828 -8933.202553
-13257.434148 -70142.028592 -8982.812748
-13235.069821 -70314.995137 -9032.388357
-13212.654895 -70487.692715 -9081.929433
-13190.189813 -70660.122570 -9131.436034
-13167.675013 -70832.285934 -9180.908215
-13145.110927 -71004.184031 -9230.346033
-13122.497985 -71175.818074 -9279.749543
-13099.836611 -71347.189267 -9329.118802
-13077.127222 -71518.298803 -9378.453867
-13054.370235 -71689.147867 -9427.754794
-13031.566059 -71859.737634 -9477.021641
-13008.715101 -72030.069270 -9526.254463
-12985.817762 -72200.143932 -9575.453319
-12962.874439 -72369.962766 -9624.618265
-12939.885526 -72539.526913 -9673.749359
-12916.851411 -72708.837500 -9722.846658
-12893.772480 -72877.895650 -9771.910219
-12870.649113 -73046.702474 -9820.940101
-12847.481687 -73215.259077 -9869.936359
-12824.270576 -73383.566553 -9918.899053
-12801.016148 -73551.625988 -9967.828240
-12777.718769 -73719.438463 -10016.723978
-12754.378800 -73887.005046 -10065.586324
-12730.996600 -74054.326801 -10114.415337
-12707.572521 -74221.404780 -10163.211074
-12684.106915 -74388.240030 -10211.973593
-12660.600129 -74554.833590 -10260.702953
-12637.052506 -74721.186489 -10309.399211
-12613.464386 -74887.299752 -10358.062425
-12589.836106 -75053.174391 -10406.692653
-12566.167998 -75218.811416 -10455.289954
-12542.460392 -75384.211827 -10503.854386
-12518.713616 -75549.376615 -10552.386006
-12494.927991 -75714.306767 -10600.884872
-12471.103839 -75879.003260 -10649.351044
-12447.241475 -76043.467067 -10697.784578
-12423.341213 -76207.699149 -10746.185533
-12399.403365 -76371.700466 -10794.553966
-12375.428237 -76535.471965 -10842.889937
-12351.416134 -76699.014592 -10891.193503
-12327.367358 -76862.329281 -10939.464721
-12303.282206 -77025.416963 -10987.703650
-12279.160976 -77188.278560 -11035.910348
-12255.003958 -77350.914989 -11084.084873
-12230.811444 -77513.327159 -11132.227282
-12206.583720 -77675.515974 -11180.337634
-12182.321071 -77837.482331 -11228.415985
-12158.023778 -77999.227121 -11276.462394
-12133.692120 -78160.751227 -11324.476919
-12109.326374 -78322.055528 -11372.459616
-12084.926813 -78483.140896 -11420.410544
-12060.493708 -78644.008196 -11468.329761
-12036.027328 -78804.658289 -11516.217322
-12011.527938 -78965.092029 -11564.073287
-11986.995802 -79125.310263 -11611.897712
-11962.431181 -79285.313833 -11659.690655
-11937.834333 -79445.103577 -11707.452172
-11913.205514 -79604.680324 -11755.182321
-11888.544978 -79764.044900 -11802.881159
-11863.852977 -79923.198124 -11850.548743
-11839.129758 -80082.140809 -11898.185129
-11814.375570 -80240.873765 -11945.790376
-11789.590655 -80399.397792 -11993.364538
-11764.775257 -80557.713690 -12040.907673
-11739.929615 -80715.822250 -12088.419839
-11715.053967 -80873.724258 -12135.901090
-11690.148548 -81031.420496 -12183.351483
-11665.213592 -81188.911741 -12230.771076
-11640.249330 -81346.198763 -12278.159923
-11615.255992 -81503.282328 -12325.518082
-11590.233803 -81660.163197 -12372.845608
-11565.182990 -81816.842126 -12420.142557
-11540.103775 -81973.319866 -12467.408985
-11514.996379 -82129.597163 -12514.644948
-11489.861022 -82285.674758 -12561.850501
-11464.697920 -82441.553387 -12609.025701
-11439.507288 -82597.233781 -12656.170602
-11414.289340 -82752.716668 -12703.285260
-11389.044287 -82908.002769 -12750.369730
-11363.772339 -83063.092801 -12797.424068
-11338.473702 -83217.987478 -12844.448328
-11313.148583 -83372.687508 -12891.442565
-11287.797186 -83527.193594 -12938.406834
-11262.419713 -83681.506435 -12985.341191
-11237.016364 -83835.626727 -13032.245689
-11211.587337 -83989.555159 -13079.120383
-11186.132831 -84143.292417 -13125.965327
-11160.653040 -84296.839183 -13172.780577
-11135.148157 -84450.196134 -13219.566185
-11109.618375 -84603.363943 -13266.322207
-11084.063883 -84756.343280 -13313.048696
-11058.484870 -84909.134808 -13359.745705
-11032.881524 -85061.739188 -13406.413290
-11007.254028 -85214.157077 -13453.051502
-10981.602568 -85366.389127 -13499.660397
-10955.927326 -85518.435986 -13546.240026
-10930.228481 -85670.298298 -13592.790444
-10904.506213 -85821.976704 -13639.311704
-10878.760700 -85973.471841 -13685.803858
-10852.992118 -86124.784340 -13732.266960
-10827.200641 -86275.914831 -13778.701063
-10801.386443 -86426.863938 -13825.106218
-10775.549694 -86577.632282 -13871.482479
-10749.690566 -86728.220481 -13917.829898
-10723.809228 -86878.629148 -13964.148528
-10697.905846 -87028.858892 -14010.438420
-10671.980587 -87178.910321 -14056.699627
-10646.033615 -87328.784036 -14102.932201
-10620.065093 -87478.480637 -14149.136193
-10594.075185 -87628.000719 -14195.311655
-10568.064049 -87777.344873 -14241.458639
-10542.031846 -87926.513689 -14287.577196
-10515.978733 -88075.507750 -14333.667378
-10489.904868 -88224.327639 -14379.729236
-10463.810405 -88372.973932 -14425.762821
-10437.695498 -88521.447206 -14471.768183
-10411.560301 -88669.748030 -14517.745375
-10385.404966 -88817.876973 -14563.694445
-10359.229642 -88965.834599 -14609.615446
-10333.034479 -89113.621470 -14655.508428
-10306.819624 -89261.238143 -14701.373440
-10280.585226 -89408.685173 -14747.210533
-10254.331428 -89555.963112 -14793.019758
-10228.058377 -89703.072508 -14838.801163
-10201.766214 -89850.013906 -14884.554800
-10175.455083 -89996.787848 -14930.280717
-10149.125124 -90143.394874 -14975.978965
-10122.776477 -90289.835519 -15021.649593
-10096.409281 -90436.110316 -15067.292649
-10070.023674 -90582.219795 -15112.908184
-10043.619793 -90728.164483 -15158.496247
-10017.197772 -90873.944903 -15204.056886
-9990.757746 -91019.561577 -15249.590150
-9964.299850 -91165.015022 -15295.096088
-9937.824215 -91310.305754 -15340.574748
-9911.330972 -91455.434284 -15386.026180
-9884.820252 -91600.401122 -15431.450431
-9858.292184 -91745.206775 -15476.847549
-9831.746897 -91889.851745 -15522.217583
-9805.184518 -92034.336534 -15567.560581
-9778.605173 -92178.661640 -15612.876589
-9752.008987 -92322.827559 -15658.165657
-9725.396086 -92466.834782 -15703.427832
-9698.766592 -92610.683800 -15748.663161
-9672.120627 -92754.375100 -15793.871691
-9645.458314 -92897.909167 -15839.053470
-9618.779774 -93041.286482 -15884.208545
-9592.085125 -93184.507524 -15929.336962
-9565.374486 -93327.572771 -15974.438769
-9538.647976 -93470.482696 -16019.514012
-9511.905712 -93613.237771 -16064.562737
-9485.147809 -93755.838465 -16109.584992
-9458.374383 -93898.285245 -16154.580823
-9431.585549 -94040.578573 -16199.550275
-9404.781419 -94182.718913 -16244.493395
-9377.962106 -94324.706722 -16289.410229
-9351.127723 -94466.542457 -16334.300822
-9324.278380 -94608.226572 -16379.165220
-9297.414187 -94749.759520 -16424.003470
-9270.535254 -94891.141749 -16468.815616
-9243.641689 -95032.373706 -16513.601703
-9216.733600 -95173.455836 -16558.361777
-9189.811094 -95314.388581 -16603.095883
-9162.874278 -95455.172381 -16647.804067
-9135.923255 -95595.807673 -16692.486371
-9108.958132 -95736.294893 -16737.142843
-9081.979011 -95876.634474 -16781.773525
-9054.985996 -96016.826847 -16826.378463
-9027.979189 -96156.872440 -16870.957701
-9000.958692 -96296.771679 -16915.511282
-8973.924605 -96436.524989 -16960.039252
-8946.877029 -96576.132792 -17004.541655
-8919.816062 -96715.595507 -17049.018533
-8892.741804 -96854.913551 -17093.469931
-8865.654353 -96994.087341 -17137.895893
-8838.553805 -97133.117290 -17182.296461
-8811.440257 -97272.003809 -17226.671680
-8784.313805 -97410.747306 -17271.021592
-8757.174545 -97549.348190 -17315.346241
-8730.022569 -97687.806864 -17359.645670
-8702.857974 -97826.123733 -17403.919922
-8675.680850 -97964.299196 -17448.169039
-8648.491291 -98102.333653 -17492.393064
-8621.289389 -98240.227501 -17536.592039
-8594.075234 -98377.981134 -17580.766008
-8566.848918 -98515.594945 -17624.915013
-8539.610529 -98653.069326 -17669.039094
-8512.360158 -98790.404665 -17713.138296
-8485.097892 -98927.601349 -17757.212659
-8457.823821 -99064.659764 -17801.262226
-8430.538030 -99201.580292 -17845.287038
-8403.240607 -99338.363315 -17889.287137
-8375.931638 -99475.009212 -17933.262564
-8348.611208 -99611.518362 -17977.213361
-8321.279402 -99747.891139 -18021.139569
-8293.936305 -99884.127917 -18065.041229
-8266.582001 -100020.229069 -18108.918382
-8239.216571 -100156.194965 -18152.771070
-8211.840100 -100292.025973 -18196.599332
-8184.452669 -100427.722460 -18240.403210
-8157.054360 -100563.284791 -18284.182745
-8129.645252 -100698.713328 -18327.937976
-8102.225428 -100834.008434 -18371.668944
-8074.794966 -100969.170467 -18415.375689
-8047.353945 -101104.199785 -18459.058252
-8019.902445 -101239.096745 -18502.716672
-7992.440543 -101373.861701 -18546.350990
-7964.968318 -101508.495006 -18589.961245
-7937.485845 -101642.997011 -18633.547476
-7909.993202 -101777.368065 -18677.109725
-7882.490465 -101911.608516 -18720.648029
-7854.977710 -102045.718709 -18764.162428
-7827.455010 -102179.698990 -18807.652962
-7799.922441 -102313.549701 -18851.119669
-7772.380077 -102447.271184 -18894.562589
-7744.827992 -102580.863777 -18937.981761
-7717.266257 -102714.327819 -18981.377223
-7689.694947 -102847.663646 -19024.749014
-7662.114132 -102980.871594 -19068.097173
-7634.523884 -103113.951994 -19111.421738
-7606.924275 -103246.905180 -19154.722748
-7579.315375 -103379.731480 -19198.000241
-7551.697254 -103512.431224 -19241.254254
-7524.069982 -103645.004739 -19284.484827
-7496.433628 -103777.452351 -19327.691996
-7468.788260 -103909.774383 -19370.875801
-7441.133948 -104041.971158 -19414.036278
-7413.470758 -104174.042997 -19457.173466
-7385.798759 -104305.990219 -19500.287401
-7358.118016 -104437.813144 -19543.378121
-7330.428598 -104569.512087 -19586.445664
-7302.730569 -104701.087364 -19629.490067
-7275.023996 -104832.539288 -19672.511367
-7247.308943 -104963.868173 -19715.509600
-7219.585475 -105095.074329 -19758.484805
-7191.853657 -105226.158065 -19801.437017
-7164.113553 -105357.119690 -19844.366273
-7136.365226 -105487.959511 -19887.272610
-7108.608739 -105618.677833 -19930.156065
-7080.844156 -105749.274959 -19973.016673
-7053.071537 -105879.751194 -20015.854472
-7025.290946 -106010.106837 -20058.669497
-6997.502443 -106140.342189 -20101.461785
-6969.706090 -106270.457548 -20144.231370
-6941.901948 -106400.453213 -20186.978291
-6914.090076 -106530.329478 -20229.702581
-6886.270535 -106660.086639 -20272.404277
-6858.443384 -106789.724989 -20315.083415
-6830.608683 -106919.244819 -20357.740029
-6802.766489 -107048.646421 -20400.374156
-6774.916863 -107177.930084 -20442.985831
-6747.059861 -107307.096097 -20485.575088
-6719.195541 -107436.144746 -20528.141964
-6691.323961 -107565.076317 -20570.686492
-6663.445178 -107693.891094 -20613.208708
-6635.559247 -107822.589361 -20655.708647
-6607.666226 -107951.171400 -20698.186344
-6579.766170 -108079.637491 -20740.641832
-6551.859135 -108207.987914 -20783.075148
-6523.945176 -108336.222948 -20825.486324
-6496.024348 -108464.342869 -20867.875396
-6468.096705 -108592.347953 -20910.242397
-6440.162301 -108720.238475 -20952.587362
-6412.221191 -108848.014709 -20994.910325
-6384.273427 -108975.676927 -21037.211320
-6356.319062 -109103.225401 -21079.490381
-6328.358151 -109230.660399 -21121.747541
-6300.390744 -109357.982192 -21163.982835
-6272.416895 -109485.191047 -21206.196295
-6244.436655 -109612.287230 -21248.387955
-6216.450075 -109739.271008 -21290.557850
-6188.457207 -109866.142644 -21332.706011
-6160.458101 -109992.902401 -21374.832473
-6132.452809 -110119.550543 -21416.937268
-6104.441380 -110246.087329 -21459.020429
-6076.423864 -110372.513021 -21501.081990
-6048.400312 -110498.827876 -21543.121984
-6020.370771 -110625.032153 -21585.140442
-5992.335292 -110751.126107 -21627.137398
-5964.293923 -110877.109996 -21669.112885
-5936.246713 -111002.984073 -21711.066934
-5908.193709 -111128.748591 -21752.999579
-5880.134959 -111254.403804 -21794.910851
-5852.070512 -111379.949963 -21836.800784
-5824.000414 -111505.387318 -21878.669408
-5795.924712 -111630.716117 -21920.516757
-5767.843453 -111755.936611 -21962.342862
-5739.756683 -111881.049045 -22004.147754
-5711.664449 -112006.053667 -22045.931467
-5683.566796 -112130.950721 -22087.694031
-5655.463770 -112255.740451 -22129.435479
-5627.355416 -112380.423102 -22171.155841
-5599.241780 -112504.998914 -22212.855149
-5571.122905 -112629.468130 -22254.533436
-5542.998837 -112753.830990 -22296.190731
-5514.869620 -112878.087732 -22337.827066
-5486.735298 -113002.238596 -22379.442472
-5458.595914 -113126.283818 -22421.036981
-5430.451511 -113250.223635 -22462.610623
-5402.302134 -113374.058283 -22504.163430
-5374.147825 -113497.787996 -22545.695431
-5345.988626 -113621.413007 -22587.206658
-5317.824581 -113744.933550 -22628.697142
-5289.655731 -113868.349855 -22670.166912
-5261.482117 -113991.662154 -22711.616000
-5233.303783 -114114.870677 -22753.044435
-5205.120769 -114237.975652 -22794.452249
-5176.933117 -114360.977308 -22835.839471
-5148.740866 -114483.875871 -22877.206131
-5120.544059 -114606.671568 -22918.552260
-5092.342736 -114729.364624 -22959.877887
-5064.136936 -114851.955264 -23001.183043
-5035.926700 -114974.443711 -23042.467757
-5007.712068 -115096.830188 -23083.732059
-4979.493079 -115219.114916 -23124.975979
-4951.269772 -115341.298117 -23166.199545
-4923.042187 -115463.380010 -23207.402789
-4894.810362 -115585.360815 -23248.585739
-4866.574335 -115707.240751 -23289.748424
-4838.334147 -115829.020034 -23330.890874
-4810.089833 -115950.698881 -23372.013118
-4781.841433 -116072.277508 -23413.115185
-4753.588985 -116193.756130 -23454.197105
-4725.332525 -116315.134961 -23495.258905
-4697.072091 -116436.414215 -23536.300616
-4668.807720 -116557.594104 -23577.322265
-4640.539449 -116678.674839 -23618.323882
-4612.267315 -116799.656632 -23659.305495
-4583.991354 -116920.539692 -23700.267133
-4555.711602 -117041.324229 -23741.208825
-4527.428096 -117162.010451 -23782.130598
-4499.140870 -117282.598566 -23823.032481
-4470.849961 -117403.088780 -23863.914503
-4442.555405 -117523.481301 -23904.776691
-4414.257237 -117643.776332 -23945.619074
-4385.955491 -117763.974078 -23986.441680
-4357.650202 -117884.074744 -24027.244537
-4329.341405 -118004.078532 -24068.027673
-4301.029135 -118123.985644 -24108.791115
-4272.713425 -118243.796282 -24149.534891
-4244.394310 -118363.510646 -24190.259030
-4216.071824 -118483.128937 -24230.963559
-4187.746000 -118602.651352 -24271.648504
-4159.416871 -118722.078092 -24312.313895
-4131.084472 -118841.409354 -24352.959757
-4102.748834 -118960.645333 -24393.586120
-4074.409992 -119079.786227 -24434.193008
-4046.067977 -119198.832232 -24474.780451
-4017.722823 -119317.783541 -24515.348475
-3989.374561 -119436.640349 -24555.897108
-3961.023225 -119555.402849 -24596.426375
-3932.668845 -119674.071234 -24636.936305
-3904.311453 -119792.645695 -24677.426923
-3875.951082 -119911.126424 -24717.898257
-3847.587763 -120029.513612 -24758.350334
-3819.221527 -120147.807447 -24798.783180
-3790.852405 -120266.008119 -24839.196821
-3762.480428 -120384.115816 -24879.591285
-3734.105628 -120502.130727 -24919.966597
-3705.728034 -120620.053037 -24960.322784
-3677.347677 -120737.882934 -25000.659873
-3648.964587 -120855.620602 -25040.977889
-3620.578795 -120973.266228 -25081.276859
-3592.190330 -121090.819995 -25121.556808
-3563.799223 -121208.282086 -25161.817764
-3535.405502 -121325.652685 -25202.059751
-3507.009198 -121442.931974 -25242.282796
-3478.610339 -121560.120135 -25282.486924
-3450.208955 -121677.217348 -25322.672162
-3421.805074 -121794.223794 -25362.838535
-3393.398726 -121911.139653 -25402.986068
-3364.989939 -122027.965103 -25443.114788
-3336.578742 -122144.700324 -25483.224720
-3308.165163 -122261.345492 -25523.315888
-3279.749230 -122377.900785 -25563.388319
-3251.330972 -122494.366379 -25603.442039
-3222.910416 -122610.742450 -25643.477071
-3194.487589 -122727.029174 -25683.493442
-3166.062521 -122843.226725 -25723.491176
-3137.635237 -122959.335277 -25763.470298
-3109.205765 -123075.355003 -25803.430834
-3080.774133 -123191.286077 -25843.372809
-3052.340368 -123307.128669 -25883.296247
-3023.904496 -123422.882953 -25923.201173
-2995.466543 -123538.549098 -25963.087612
-2967.026538 -123654.127276 -26002.955588
-2938.584505 -123769.617655 -26042.805127
-2910.140472 -123885.020405 -26082.636253
-2881.694464 -124000.335695 -26122.448989
-2853.246508 -124115.563692 -26162.243362
-2824.796629 -124230.704564 -26202.019394
-2796.344854 -124345.758478 -26241.777111
-2767.891207 -124460.725600 -26281.516537
-2739.435714 -124575.606096 -26321.237695
-2710.978400 -124690.400130 -26360.940611
-2682.519292 -124805.107867 -26400.625307
-2654.058413 -124919.729471 -26440.291809
-2625.595789 -125034.265106 -26479.940139
-2597.131444 -125148.714934 -26519.570323
-2568.665404 -125263.079117 -26559.182383
-2540.197692 -125377.357817 -26598.776344
-2511.728333 -125491.551196 -26638.352229
-2483.257352 -125605.659414 -26677.910062
-2454.784772 -125719.682630 -26717.449867
-2426.310618 -125833.621005 -26756.971666
-2397.834913 -125947.474697 -26796.475484
-2369.357681 -126061.243865 -26835.961344
-2340.878947 -126174.928666 -26875.429270
-2312.398732 -126288.529259 -26914.879284
-2283.917062 -126402.045799 -26954.311410
-2255.433958 -126515.478443 -26993.725671
-2226.949445 -126628.827346 -27033.122091
-2198.463545 -126742.092664 -27072.500692
-2169.976281 -126855.274552 -27111.861497
-2141.487677 -126968.373164 -27151.204529
-2112.997754 -127081.388653 -27190.529812
-2084.506535 -127194.321172 -27229.837368
-2056.014043 -127307.170875 -27269.127220
-2027.520299 -127419.937912 -27308.399390
-1999.025327 -127532.622437 -27347.653902
-1970.529149 -127645.224599 -27386.890778
-1942.031785 -127757.744550 -27426.110041
-1913.533259 -127870.182439 -27465.311712
-1885.033592 -127982.538417 -27504.495815
-1856.532805 -128094.812631 -27543.662372
-1828.030921 -128207.005232 -27582.811406
-1799.527960 -128319.116366 -27621.942938
-1771.023944 -128431.146182 -27661.056991
-1742.518894 -128543.094826 -27700.153588
-1714.012831 -128654.962446 -27739.232749
-1685.505776 -128766.749187 -27778.294498
-1656.997751 -128878.455195 -27817.338856
-1628.488775 -128990.080616 -27856.365846
-1599.978869 -129101.625594 -27895.375489
-1571.468055 -129213.090273 -27934.367807
-1542.956352 -129324.474797 -27973.342823
-1514.443781 -129435.779309 -28012.300557
-1485.930363 -129547.003953 -28051.241032
-1457.416116 -129658.148870 -28090.164269
-1428.901062 -129769.214203 -28129.070290
-1400.385220 -129880.200093 -28167.959116
-1371.868610 -129991.106681 -28206.830769
-1343.351252 -130101.934108 -28245.685271
-1314.833166 -130212.682513 -28284.522642
-1286.314370 -130323.352036 -28323.342905
-1257.794886 -130433.942817 -28362.146080
-1229.274731 -130544.454994 -28400.932189
-1200.753925 -130654.888705 -28439.701252
-1172.232487 -130765.244089 -28478.453292
-1143.710436 -130875.521283 -28517.188330
-1115.187792 -130985.720423 -28555.906385
-1086.664573 -131095.841647 -28594.607480
-1058.140798 -131205.885089 -28633.291635
-1029.616486 -131315.850887 -28671.958872
-1001.091654 -131425.739175 -28710.609210
-972.566323 -131535.550089 -28749.242671
-944.040509 -131645.283761 -28787.859276
-915.514232 -131754.940327 -28826.459046
-886.987510 -131864.519920 -28865.042000
-858.460360 -131974.022673 -28903.608160
-829.932801 -132083.448718 -28942.157546
-801.404850 -132192.798188 -28980.690179
-772.876527 -132302.071215 -29019.206079
-744.347847 -132411.267931 -29057.705267
-715.818830 -132520.388465 -29096.187763
-687.289492 -132629.432950 -29134.653587
-658.759851 -132738.401514 -29173.102759
-630.229925 -132847.294288 -29211.535301
-601.699731 -132956.111402 -29249.951232
-573.169286 -133064.852983 -29288.350571
-544.638607 -133173.519161 -29326.733341
-516.107711 -133282.110065 -29365.099559
-487.576616 -133390.625821 -29403.449247
-459.045338 -133499.066557 -29441.782424
-430.513895 -133607.432400 -29480.099110
-401.982302 -133715.723477 -29518.399325
-373.450576 -133823.939914 -29556.683090
-344.918735 -133932.081836 -29594.950423
-316.386795 -134040.149370 -29633.201344
-287.854771 -134148.142640 -29671.435873
-259.322681 -134256.061771 -29709.654030
-230.790540 -134363.906887 -29747.855834
-202.258365 -134471.678112 -29786.041305
-173.726172 -134579.375569 -29824.210463
-145.193977 -134686.999383 -29862.363326
-116.661796 -134794.549674 -29900.499914
-88.129644 -134902.026567 -29938.620247
-59.597538 -135009.430182 -29976.724344
-31.065494 -135116.760642 -30014.812223
-2.533526 -135224.018068 -30052.883906
25.998350 -135331.202581 -30090.939409
54.530117 -135438.314300 -30128.978754
83.061761 -135545.353348 -30167.001958
111.593267 -135652.319842 -30205.009041
140.124618 -135759.213903 -30243.000022
168.655801 -135866.035650 -30280.974920
197.186799 -135972.785202 -30318.933753
225.717598 -136079.462676 -30356.876542
254.248183 -136186.068191 -30394.803303
282.778538 -136292.601865 -30432.714057
311.308650 -136399.063815 -30470.608822
339.838503 -136505.454158 -30508.487617
368.368082 -136611.773010 -30546.350460
396.897373 -136718.020488 -30584.197370
425.426362 -136824.196707 -30622.028366
453.955034 -136930.301784 -30659.843466
482.483374 -137036.335833 -30697.642689
511.011369 -137142.298970 -30735.426053
539.539003 -137248.191309 -30773.193576
568.066264 -137354.012964 -30810.945278
596.593135 -137459.764049 -30848.681175
625.119605 -137565.444677 -30886.401288
653.645658 -137671.054962 -30924.105633
682.171280 -137776.595017 -30961.794229
710.696459 -137882.064954 -30999.467094
739.221179 -137987.464885 -31037.124247
767.745428 -138092.794923 -31074.765705
796.269191 -138198.055178 -31112.391486
824.792455 -138303.245763 -31150.001609
853.315206 -138408.366787 -31187.596092
881.837432 -138513.418362 -31225.174952
910.359118 -138618.400598 -31262.738207
938.880251 -138723.313604 -31300.285875
967.400818 -138828.157491 -31337.817975
995.920806 -138932.932367 -31375.334523
1024.440201 -139037.638342 -31412.835537
1052.958991 -139142.275524 -31450.321036
1081.477162 -139246.844022 -31487.791036
1109.994701 -139351.343943 -31525.245556
1138.511596 -139455.775396 -31562.684613
1167.027834 -139560.138487 -31600.108225
1195.543401 -139664.433324 -31637.516408
1224.058286 -139768.660014 -31674.909181
1252.572475 -139872.818663 -31712.286561
1281.085956 -139976.909377 -31749.648565
1309.598716 -140080.932263 -31786.995211
1338.110743 -140184.887425 -31824.326516
1366.622025 -140288.774969 -31861.642497
1395.132548 -140392.595000 -31898.943171
1423.642301 -140496.347623 -31936.228556
1452.151272 -140600.032942 -31973.498669
1480.659447 -140703.651061 -32010.753527
1509.166816 -140807.202084 -32047.993146
1537.673366 -140910.686115 -32085.217545
1566.179084 -141014.103256 -32122.426740
1594.683960 -141117.453610 -32159.620748
1623.187980 -141220.737281 -32196.799586
1651.691134 -141323.954369 -32233.963271
1680.193409 -141427.104979 -32271.111819
1708.694794 -141530.189211 -32308.245248
1737.195276 -141633.207166 -32345.363574
1765.694845 -141736.158946 -32382.466815
1794.193488 -141839.044652 -32419.554986
1822.691194 -141941.864384 -32456.628104
1851.187952 -142044.618243 -32493.686187
1879.683750 -142147.306328 -32530.729251
1908.178577 -142249.928740 -32567.757311
1936.672421 -142352.485578 -32604.770386
1965.165272 -142454.976941 -32641.768491
1993.657117 -142557.402928 -32678.751642
2022.147946 -142659.763638 -32715.719857
2050.637748 -142762.059169 -32752.673151
2079.126511 -142864.289620 -32789.611542
2107.614225 -142966.455087 -32826.535044
2136.100879 -143068.555669 -32863.443675
2164.586461 -143170.591463 -32900.337451
2193.070960 -143272.562566 -32937.216388
2221.554367 -143374.469075 -32974.080503
2250.036670 -143476.311086 -33010.929810
2278.517858 -143578.088695 -33047.764327
2306.997922 -143679.801999 -33084.584070
2335.476849 -143781.451093 -33121.389054
2363.954630 -143883.036073 -33158.179296
2392.431254 -143984.557033 -33194.954812
2420.906710 -144086.014069 -33231.715617
2449.380989 -144187.407276 -33268.461727
2477.854079 -144288.736747 -33305.193159
2506.325971 -144390.002577 -33341.909928
2534.796654 -144491.204860 -33378.612050
2563.266118 -144592.343690 -33415.299540
2591.734353 -144693.419159 -33451.972415
2620.201348 -144794.431361 -33488.630691
2648.667093 -144895.380389 -33525.274382
2677.131579 -144996.266335 -33561.903505
2705.594795 -145097.089292 -33598.518075
2734.056732 -145197.849352 -33635.118107
2762.517379 -145298.546607 -33671.703618
2790.976727 -145399.181149 -33708.274623
2819.434765 -145499.753068 -33744.831136
2847.891485 -145600.262456 -33781.373175
2876.346876 -145700.709404 -33817.900754
2904.800928 -145801.094002 -33854.413888
2933.253632 -145901.416342 -33890.912593
2961.704978 -146001.676512 -33927.396884
2990.154957 -146101.874603 -33963.866776
3018.603560 -146202.010705 -34000.322286
3047.050775 -146302.084908 -34036.763427
3075.496595 -146402.097299 -34073.190215
3103.941010 -146502.047969 -34109.602666
3132.384011 -146601.937005 -34146.000794
3160.825587 -146701.764498 -34182.384614
3189.265731 -146801.530534 -34218.754142
3217.704432 -146901.235202 -34255.109393
3246.141682 -147000.878589 -34291.450381
3274.577470 -147100.460784 -34327.777122
3303.011790 -147199.981873 -34364.089630
3331.444630 -147299.441943 -34400.387921
3359.875982 -147398.841083 -34436.672009
3388.305838 -147498.179377 -34472.941909
3416.734188 -147597.456913 -34509.197636
3445.161023 -147696.673776 -34545.439205
3473.586334 -147795.830053 -34581.666630
3502.010113 -147894.925830 -34617.879927
3530.432351 -147993.961192 -34654.079109
3558.853039 -148092.936224 -34690.264192
3587.272168 -148191.851011 -34726.435191
3615.689730 -148290.705638 -34762.592119
3644.105715 -148389.500190 -34798.734992
3672.520117 -148488.234751 -34834.863823
3700.932925 -148586.909406 -34870.978628
3729.344132 -148685.524238 -34907.079421
3757.753728 -148784.079331 -34943.166217
3786.161706 -148882.574769 -34979.239029
3814.568057 -148981.010635 -35015.297873
3842.972773 -149079.387011 -35051.342762
3871.375844 -149177.703982 -35087.373711
3899.777264 -149275.961630 -35123.390735
3928.177024 -149374.160036 -35159.393847
3956.575116 -149472.299284 -35195.383062
3984.971530 -149570.379455 -35231.358394
4013.366260 -149668.400632 -35267.319857
4041.759298 -149766.362895 -35303.267466
4070.150634 -149864.266327 -35339.201234
4098.540261 -149962.111008 -35375.121175
4126.928171 -150059.897019 -35411.027305
4155.314356 -150157.624442 -35446.919636
4183.698809 -150255.293356 -35482.798183
4212.081520 -150352.903843 -35518.662960
4240.462483 -150450.455982 -35554.513981
4268.841689 -150547.949854 -35590.351260
4297.219131 -150645.385537 -35626.174810
4325.594801 -150742.763113 -35661.984645
4353.968691 -150840.082659 -35697.780780
4382.340794 -150937.344256 -35733.563229
4410.711101 -151034.547981 -35769.332004
4439.079606 -151131.693915 -35805.087120
4467.446301 -151228.782135 -35840.828590
4495.811177 -151325.812720 -35876.556429
4524.174228 -151422.785749 -35912.270650
4552.535446 -151519.701298 -35947.971266
4580.894824 -151616.559446 -35983.658292
4609.252353 -151713.360270 -36019.331741
4637.608028 -151810.103848 -36054.991626
4665.961840 -151906.790257 -36090.637961
4694.313782 -152003.419574 -36126.270759
4722.663847 -152099.991876 -36161.890035
4751.012027 -152196.507240 -36197.495801
4779.358315 -152292.965741 -36233.088071
4807.702705 -152389.367456 -36268.666858
4836.045188 -152485.712461 -36304.232176
4864.385759 -152582.000833 -36339.784038
4892.724408 -152678.232646 -36375.322458
4921.061131 -152774.407976 -36410.847449
4949.395918 -152870.526899 -36446.359024
4977.728765 -152966.589489 -36481.857196
5006.059662 -153062.595821 -36517.341979
5034.388605 -153158.545971 -36552.813385
5062.715585 -153254.440013 -36588.271429
5091.040595 -153350.278021 -36623.716122
5119.363629 -153446.060069 -36659.147480
5147.684681 -153541.786231 -36694.565513
5176.003742 -153637.456582 -36729.970236
5204.320807 -153733.071195 -36765.361662
5232.635869 -153828.630142 -36800.739803
5260.948920 -153924.133499 -36836.104673
5289.259955 -154019.581337 -36871.456284
5317.568966 -154114.973729 -36906.794650
5345.875947 -154210.310749 -36942.119783
5374.180892 -154305.592469 -36977.431697
5402.483793 -154400.818962 -37012.730404
5430.784645 -154495.990299 -37048.015917
5459.083440 -154591.106552 -37083.288249
5487.380172 -154686.167794 -37118.547413
5515.674835 -154781.174096 -37153.793422
5543.967422 -154876.125530 -37189.026288
5572.257927 -154971.022167 -37224.246024
5600.546344 -155065.864078 -37259.452642
5628.832666 -155160.651334 -37294.646156
5657.116886 -155255.384007 -37329.826578
5685.398999 -155350.062166 -37364.993921
5713.678999 -155444.685882 -37400.148197
5741.956878 -155539.255226 -37435.289420
5770.232631 -155633.770267 -37470.417600
5798.506252 -155728.231077 -37505.532752
5826.777733 -155822.637723 -37540.634887
5855.047071 -155916.990277 -37575.724019
5883.314257 -156011.288808 -37610.800158
5911.579287 -156105.533385 -37645.863319
5939.842153 -156199.724076 -37680.913513
5968.102850 -156293.860952 -37715.950753
5996.361373 -156387.944081 -37750.975051
6024.617714 -156481.973531 -37785.986420
6052.871868 -156575.949372 -37820.984871
6081.123830 -156669.871671 -37855.970418
6109.373592 -156763.740496 -37890.943071
6137.621150 -156857.555916 -37925.902845
6165.866498 -156951.317999 -37960.849750
6194.109628 -157045.026812 -37995.783800
6222.350537 -157138.682422 -38030.705006
6250.589218 -157232.284898 -38065.613380
6278.825665 -157325.834306 -38100.508934
6307.059872 -157419.330713 -38135.391682
6335.291834 -157512.774187 -38170.261634
6363.521546 -157606.164793 -38205.118803
6391.749000 -157699.502599 -38239.963201
6419.974193 -157792.787671 -38274.794840
6448.197118 -157886.020076 -38309.613732
6476.417769 -157979.199879 -38344.419889
6504.636142 -158072.327146 -38379.213323
6532.852230 -158165.401943 -38413.994045
6561.066028 -158258.424336 -38448.762068
6589.277530 -158351.394391 -38483.517404
6617.486732 -158444.312172 -38518.260064
6645.693627 -158537.177745 -38552.990061
6673.898210 -158629.991175 -38587.707406
6702.100476 -158722.752527 -38622.412110
6730.300419 -158815.461865 -38657.104187
6758.498035 -158908.119255 -38691.783647
6786.693317 -159000.724760 -38726.450502
6814.886260 -159093.278445 -38761.104764
6843.076860 -159185.780374 -38795.746445
6871.265110 -159278.230611 -38830.375556
6899.451006 -159370.629220 -38864.992108
6927.634542 -159462.976264 -38899.596115
6955.815713 -159555.271808 -38934.187587
6983.994515 -159647.515915 -38968.766535
7012.170941 -159739.708647 -39003.332972
7040.344987 -159831.850068 -39037.886908
7068.516647 -159923.940241 -39072.428356
7096.685917 -160015.979229 -39106.957327
7124.852791 -160107.967095 -39141.473833
7153.017265 -160199.903900 -39175.977884
7181.179332 -160291.789708 -39210.469492
7209.338990 -160383.624580 -39244.948669
7237.496231 -160475.408580 -39279.415426
7265.651052 -160567.141768 -39313.869774
7293.803447 -160658.824207 -39348.311726
7321.953412 -160750.455958 -39382.741291
7350.100942 -160842.037083 -39417.158482
7378.246031 -160933.567643 -39451.563309
7406.388675 -161025.047700 -39485.955785
7434.528869 -161116.477314 -39520.335919
7462.666608 -161207.856548 -39554.703725
7490.801888 -161299.185460 -39589.059211
7518.934703 -161390.464114 -39623.402391
7547.065049 -161481.692568 -39657.733275
7575.192921 -161572.870883 -39692.051873
7603.318315 -161663.999120 -39726.358199
7631.441225 -161755.077339 -39760.652261
7659.561648 -161846.105600 -39794.934072
7687.679578 -161937.083963 -39829.203642
7715.795010 -162028.012487 -39863.460983
7743.907941 -162118.891232 -39897.706106
7772.018365 -162209.720258 -39931.939021
7800.126278 -162300.499625 -39966.159740
7828.231675 -162391.229391 -40000.368273
7856.334552 -162481.909615 -40034.564632
7884.434905 -162572.540356 -40068.748827
7912.532728 -162663.121674 -40102.920870
7940.628017 -162753.653627 -40137.080771
7968.720769 -162844.136274 -40171.228541
7996.810977 -162934.569673 -40205.364190
8024.898639 -163024.953882 -40239.487731
8052.983749 -163115.288960 -40273.599173
8081.066303 -163205.574964 -40307.698527
8109.146297 -163295.811953 -40341.785805
8137.223727 -163385.999985 -40375.861016
8165.298587 -163476.139116 -40409.924172
8193.370874 -163566.229406 -40443.975284
8221.440584 -163656.270910 -40478.014361
8249.507712 -163746.263687 -40512.041415
8277.572253 -163836.207793 -40546.056456
8305.634205 -163926.103287 -40580.059495
8333.693561 -164015.950224 -40614.050543
8361.750319 -164105.748661 -40648.029610
8389.804474 -164195.498655 -40681.996707
8417.856021 -164285.200263 -40715.951843
8445.904958 -164374.853541 -40749.895031
8473.951278 -164464.458546 -40783.826280
8501.994980 -164554.015333 -40817.745601
8530.036057 -164643.523958 -40851.653005
8558.074506 -164732.984479 -40885.548501
8586.110324 -164822.396949 -40919.432100
8614.143506 -164911.761426 -40953.303813
8642.174047 -165001.077965 -40987.163650
8670.201945 -165090.346621 -41021.011622
8698.227194 -165179.567449 -41054.847738
8726.249792 -165268.740505 -41088.672010
8754.269733 -165357.865844 -41122.484447
8782.287015 -165446.943520 -41156.285060
8810.301632 -165535.973589 -41190.073860
8838.313582 -165624.956106 -41223.850855
8866.322860 -165713.891125 -41257.616058
8894.329462 -165802.778700 -41291.369477
8922.333385 -165891.618886 -41325.111124
8950.334624 -165980.411737 -41358.841007
8978.333176 -166069.157308 -41392.559139
9006.329037 -166157.855652 -41426.265528
9034.322203 -166246.506824 -41459.960185
9062.312671 -166335.110877 -41493.643120
9090.300436 -166423.667864 -41527.314344
9118.285494 -166512.177840 -41560.973865
9146.267843 -166600.640858 -41594.621695
9174.247478 -166689.056971 -41628.257844
9202.224396 -166777.426232 -41661.882321
9230.198592 -166865.748695 -41695.495136
9258.170064 -166954.024413 -41729.096300
9286.138807 -167042.253438 -41762.685822
9314.104818 -167130.435824 -41796.263713
9342.068093 -167218.571623 -41829.829982
9370.028629 -167306.660887 -41863.384640
9397.986421 -167394.703669 -41896.927696
9425.941467 -167482.700021 -41930.459161
9453.893763 -167570.649996 -41963.979043
9481.843305 -167658.553646 -41997.487354
9509.790090 -167746.411022 -42030.984102
9537.734113 -167834.222177 -42064.469298
9565.675373 -167921.987163 -42097.942952
9593.613864 -168009.706030 -42131.405073
9621.549584 -168097.378831 -42164.855671
9649.482529 -168185.005618 -42198.294756
9677.412696 -168272.586440 -42231.722337
9705.340080 -168360.121351 -42265.138426
9733.264680 -168447.610400 -42298.543030
9761.186491 -168535.053639 -42331.936160
9789.105510 -168622.451119 -42365.317826
9817.021733 -168709.802891 -42398.688037
9844.935157 -168797.109005 -42432.046802
9872.845779 -168884.369512 -42465.394133
9900.753596 -168971.584463 -42498.730037
9928.658603 -169058.753907 -42532.054525
9956.560799 -169145.877896 -42565.367607
9984.460178 -169232.956479 -42598.669291
10012.356739 -169319.989707 -42631.959588
10040.250478 -169406.977629 -42665.238507
10068.141391 -169493.920295 -42698.506058
10096.029476 -169580.817755 -42731.762249
10123.914728 -169667.670059 -42765.007092
10151.797146 -169754.477257 -42798.240594
10179.676725 -169841.239397 -42831.462765
10207.553462 -169927.956530 -42864.673616
10235.427355 -170014.628704 -42897.873155
10263.298400 -170101.255969 -42931.061392
10291.166593 -170187.838373 -42964.238336
10319.031932 -170274.375966 -42997.403996
10346.894414 -170360.868796 -43030.558383
10374.754036 -170447.316913 -43063.701505
10402.610793 -170533.720365 -43096.833371
10430.464684 -170620.079200 -43129.953991
10458.315705 -170706.393467 -43163.063375
10486.163853 -170792.663214 -43196.161531
10514.009125 -170878.888490 -43229.248469
10541.851519 -170965.069343 -43262.324198
10569.691030 -171051.205820 -43295.388728
10597.527656 -171137.297971 -43328.442066
10625.361393 -171223.345841 -43361.484224
10653.192240 -171309.349481 -43394.515210
10681.020193 -171395.308936 -43427.535032
10708.845248 -171481.224255 -43460.543701
10736.667404 -171567.095486 -43493.541226
10764.486656 -171652.922674 -43526.527615
10792.303003 -171738.705869 -43559.502877
10820.116440 -171824.445117 -43592.467023
10847.926966 -171910.140465 -43625.420060
10875.734578 -171995.791960 -43658.361998
10903.539271 -172081.399649 -43691.292847
10931.341045 -172166.963579 -43724.212614
10959.139895 -172252.483796 -43757.121309
10986.935818 -172337.960348 -43790.018942
11014.728813 -172423.393281 -43822.905520
11042.518876 -172508.782641 -43855.781054
11070.306004 -172594.128474 -43888.645552
11098.090195 -172679.430827 -43921.499022
11125.871446 -172764.689746 -43954.341475
11153.649753 -172849.905277 -43987.172919
11181.425115 -172935.077466 -44019.993362
11209.197528 -173020.206360 -44052.802814
11236.966990 -173105.292002 -44085.601283
11264.733498 -173190.334440 -44118.388779
11292.497049 -173275.333720 -44151.165310
11320.257640 -173360.289885 -44183.930885
11348.015269 -173445.202983 -44216.685513
11375.769934 -173530.073058 -44249.429203
11403.521630 -173614.900155 -44282.161964
11431.270357 -173699.684321 -44314.883803
11459.016110 -173784.425599 -44347.594731
11486.758888 -173869.124035 -44380.294755
11514.498688 -173953.779673 -44412.983885
11542.235507 -174038.392559 -44445.662130
11569.969342 -174122.962737 -44478.329497
11597.700191 -174207.490252 -44510.985996
11625.428052 -174291.975148 -44543.631635
11653.152921 -174376.417470 -44576.266423
11680.874797 -174460.817262 -44608.890369
11708.593676 -174545.174569 -44641.503481
11736.309556 -174629.489434 -44674.105768
11764.022435 -174713.761902 -44706.697238
11791.732309 -174797.992017 -44739.277901
11819.439177 -174882.179823 -44771.847764
11847.143036 -174966.325362 -44804.406837
11874.843884 -175050.428681 -44836.955127
11902.541717 -175134.489821 -44869.492643
11930.236534 -175218.508827 -44902.019395
11957.928332 -175302.485741 -44934.535390
11985.617108 -175386.420608 -44967.040636
12013.302861 -175470.313471 -44999.535143
12040.985587 -175554.164373 -45032.018919
12068.665284 -175637.973358 -45064.491972
12096.341950 -175721.740467 -45096.954311
12124.015583 -175805.465745 -45129.405944
12151.686179 -175889.149234 -45161.846880
12179.353737 -175972.790977 -45194.277126
12207.018254 -176056.391016 -45226.696692
12234.679728 -176139.949395 -45259.105585
12262.338157 -176223.466157 -45291.503815
12289.993538 -176306.941342 -45323.891389
12317.645868 -176390.374995 -45356.268315
12345.295146 -176473.767157 -45388.634603
12372.941369 -176557.117870 -45420.990260
12400.584535 -176640.427177 -45453.335295
12428.224641 -176723.695120 -45485.669716
12455.861686 -176806.921740 -45517.993531
12483.495666 -176890.107081 -45550.306748
12511.126580 -176973.251182 -45582.609376
12538.754426 -177056.354088 -45614.901423
12566.379201 -177139.415838 -45647.182898
12594.000902 -177222.436475 -45679.453807
12621.619528 -177305.416040 -45711.714160
12649.235077 -177388.354574 -45743.963965
12676.847546 -177471.252120 -45776.203230
12704.456933 -177554.108718 -45808.431963
12732.063235 -177636.924409 -45840.650171
12759.666452 -177719.699235 -45872.857865
12787.266579 -177802.433236 -45905.055050
12814.863616 -177885.126455 -45937.241736
12842.457560 -177967.778930 -45969.417931
12870.048409 -178050.390704 -46001.583642
12897.636161 -178132.961818 -46033.738878
12925.220813 -178215.492311 -46065.883647
12952.802364 -178297.982224 -46098.017956
12980.380811 -178380.431598 -46130.141815
13007.956153 -178462.840474 -46162.255230
13035.528387 -178545.208891 -46194.358210
13063.097510 -178627.536890 -46226.450762
13090.663522 -178709.824512 -46258.532896
13118.226420 -178792.071795 -46290.604618
13145.786202 -178874.278781 -46322.665937
13173.342865 -178956.445510 -46354.716860
13200.896408 -179038.572021 -46386.757396
13228.446829 -179120.658353 -46418.787553
13255.994125 -179202.704548 -46450.807338
13283.538296 -179284.710644 -46482.816758
13311.079337 -179366.676681 -46514.815824
13338.617249 -179448.602699 -46546.804541
13366.152028 -179530.488737 -46578.782917
13393.683672 -179612.334834 -46610.750962
13421.212181 -179694.141031 -46642.708681
13448.737551 -179775.907365 -46674.656085
13476.259780 -179857.633877 -46706.593179
13503.778868 -179939.320604 -46738.519972
13531.294811 -180020.967588 -46770.436471
13558.807608 -180102.574865 -46802.342685
13586.317257 -180184.142476 -46834.238621
13613.823755 -180265.670458 -46866.124287
13641.327102 -180347.158851 -46897.999690
13668.827296 -180428.607694 -46929.864839
13696.324333 -180510.017024 -46961.719741
13723.818213 -180591.386881 -46993.564403
13751.308933 -180672.717303 -47025.398834
13778.796492 -180754.008328 -47057.223041
13806.280887 -180835.259995 -47089.037031
13833.762117 -180916.472341 -47120.840813
13861.240181 -180997.645406 -47152.634394
13888.715075 -181078.779226 -47184.417781
13916.186799 -181159.873841 -47216.190983
13943.655350 -181240.929287 -47247.954006
13971.120727 -181321.945603 -47279.706859
13998.582928 -181402.922827 -47311.449548
14026.041951 -181483.860997 -47343.182083

