-232184.418543 -314381.535181 -97722.516492
-232137.637279 -314413.506124 -97737.063815
-232090.694389 -314445.577118 -97751.657672
-232043.746326 -314477.641222 -97766.249404
-231996.793090 -314509.698436 -97780.839013
-231949.834683 -314541.748761 -97795.426496
-231902.871105 -314573.792195 -97810.011856
-231855.902358 -314605.828737 -97824.595090
-231808.928444 -314637.858387 -97839.176198
-231761.949362 -314669.881144 -97853.755181
-231714.965114 -314701.897008 -97868.332039
-231667.975702 -314733.905978 -97882.906770
-231620.981126 -314765.908054 -97897.479374
-231573.981388 -314797.903234 -97912.049852
-231526.976488 -314829.891519 -97926.618202
-231479.966428 -314861.872907 -97941.184425
-231432.951208 -314893.847398 -97955.748521
-231385.930831 -314925.814991 -97970.310488
-231338.905296 -314957.775686 -97984.870327
-231291.874606 -314989.729482 -97999.428037
-231244.838761 -315021.676378 -98013.983619
-231197.797762 -315053.616374 -98028.537071
-231150.751611 -315085.549470 -98043.088394
-231103.700308 -315117.475664 -98057.637587
-231056.643855 -315149.394956 -98072.184650
-231009.582253 -315181.307345 -98086.729583
-230962.515503 -315213.212831 -98101.272385
-230915.443606 -315245.111413 -98115.813056
-230868.366562 -315277.003090 -98130.351596
-230821.284374 -315308.887862 -98144.888004
-230774.197043 -315340.765729 -98159.422280
-230727.104569 -315372.636689 -98173.954425
-230680.006953 -315404.500741 -98188.484436
-230632.904197 -315436.357887 -98203.012315
-230585.796302 -315468.208124 -98217.538061
-230538.683269 -315500.051452 -98232.061674
-230491.565099 -315531.887870 -98246.583153
-230444.441792 -315563.717378 -98261.102498
-230397.313351 -315595.539976 -98275.619709
-230350.179777 -315627.355662 -98290.134786
-230303.041070 -315659.164436 -98304.647727
-230255.897231 -315690.966298 -98319.158534
-230208.748262 -315722.761246 -98333.667205
-230161.594164 -315754.549280 -98348.173740
-230114.434938 -315786.330400 -98362.678140
-230067.270585 -315818.104605 -98377.180403
-230020.101106 -315849.871894 -98391.680530
-229972.926502 -315881.632266 -98406.178519
-229925.746774 -315913.385722 -98420.674372
-229878.561924 -315945.132260 -98435.168087
-229831.371952 -315976.871880 -98449.659664
-229784.176861 -316008.604581 -98464.149104
-229736.976649 -316040.330362 -98478.636405
-229689.771320 -316072.049223 -98493.121567
-229642.560874 -316103.761164 -98507.604590
-229595.345312 -316135.466183 -98522.085475
-229548.124635 -316167.164281 -98536.564219
-229500.898845 -316198.855456 -98551.040824
-229453.667942 -316230.539707 -98565.515289
-229406.431927 -316262.217035 -98579.987613
-229359.190802 -316293.887439 -98594.457797
-229311.944568 -316325.550917 -98608.925840
-229264.693226 -316357.207470 -98623.391741
-229217.436777 -316388.857097 -98637.855501
-229170.175222 -316420.499796 -98652.317119
-229122.908562 -316452.135568 -98666.776595
-229075.636799 -316483.764413 -98681.233928
-229028.359933 -316515.386328 -98695.689119
-228981.077966 -316547.001314 -98710.142166
-228933.790898 -316578.609370 -98724.593070
-228886.498731 -316610.210495 -98739.041831
-228839.201466 -316641.804690 -98753.488448
-228791.899104 -316673.391952 -98767.932920
-228744.591647 -316704.972282 -98782.375248
-228697.279094 -316736.545679 -98796.815431
-228649.961448 -316768.112142 -98811.253469
-228602.638709 -316799.671671 -98825.689362
-228555.310879 -316831.224265 -98840.123109
-228507.977959 -316862.769924 -98854.554710
-228460.639950 -316894.308647 -98868.984165
-228413.296852 -316925.840432 -98883.411473
-228365.948668 -316957.365281 -98897.836634
-228318.595397 -316988.883191 -98912.259648
-228271.237042 -317020.394163 -98926.680515
-228223.873604 -317051.898196 -98941.099234
-228176.505083 -317083.395288 -98955.515805
-228129.131480 -317114.885441 -98969.930228
-228081.752798 -317146.368652 -98984.342502
-228034.369036 -317177.844922 -98998.752627
-227986.980196 -317209.314249 -99013.160603
-227939.586279 -317240.776634 -99027.566429
-227892.187286 -317272.232075 -99041.970106
-227844.783219 -317303.680572 -99056.371632
-227797.374078 -317335.122124 -99070.771009
-227749.959865 -317366.556731 -99085.168234
-227702.540580 -317397.984392 -99099.563309
-227655.116225 -317429.405107 -99113.956232
-227607.686802 -317460.818874 -99128.347004
-227560.252310 -317492.225694 -99142.735624
-227512.812751 -317523.625565 -99157.122092
-227465.368126 -317555.018487 -99171.506407
-227417.918437 -317586.404459 -99185.888570
-227370.463684 -317617.783481 -99200.268580
-227323.003869 -317649.155553 -99214.646436
-227275.538992 -317680.520673 -99229.022139
-227228.069056 -317711.878841 -99243.395688
-227180.594060 -317743.230056 -99257.767083
-227133.114006 -317774.574318 -99272.136323
-227085.628896 -317805.911626 -99286.503409
-227038.138729 -317837.241979 -99300.868339
-226990.643509 -317868.565378 -99315.231115
-226943.143234 -317899.881820 -99329.591734
-226895.637908 -317931.191307 -99343.950198
-226848.127530 -317962.493836 -99358.306505
-226800.612101 -317993.789408 -99372.660656
-226753.091624 -318025.078022 -99387.012651
-226705.566099 -318056.359677 -99401.362488
-226658.035527 -318087.634372 -99415.710168
-226610.499910 -318118.902108 -99430.055690
-226562.959248 -318150.162882 -99444.399054
-226515.413542 -318181.416696 -99458.740260
-226467.862795 -318212.663548 -99473.079307
-226420.307006 -318243.903437 -99487.416196
-226372.746177 -318275.136364 -99501.750925
-226325.180309 -318306.362327 -99516.083495
-226277.609403 -318337.581325 -99530.413905
-226230.033460 -318368.793359 -99544.742156
-226182.452482 -318399.998427 -99559.068246
-226134.866469 -318431.196529 -99573.392175
-226087.275423 -318462.387664 -99587.713944
-226039.679345 -318493.571832 -99602.033551
-225992.078235 -318524.749033 -99616.350997
-225944.472095 -318555.919264 -99630.666282
-225896.860927 -318587.082527 -99644.979404
-225849.244731 -318618.238820 -99659.290364
-225801.623508 -318649.388142 -99673.599161
-225753.997259 -318680.530494 -99687.905796
-225706.365986 -318711.665874 -99702.210267
-225658.729690 -318742.794282 -99716.512575
-225611.088372 -318773.915717 -99730.812719
-225563.442032 -318805.030179 -99745.110699
-225515.790673 -318836.137666 -99759.406514
-225468.134294 -318867.238180 -99773.700165
-225420.472898 -318898.331718 -99787.991651
-225372.806486 -318929.418280 -99802.280972
-225325.135057 -318960.497866 -99816.568127
-225277.458615 -318991.570475 -99830.853117
-225229.777159 -319022.636106 -99845.135940
-225182.090691 -319053.694759 -99859.416597
-225134.399212 -319084.746433 -99873.695088
-225086.702724 -319115.791128 -99887.971411
-225039.001226 -319146.828843 -99902.245567
-224991.294721 -319177.859577 -99916.517556
-224943.583209 -319208.883330 -99930.787377
-224895.866692 -319239.900101 -99945.055029
-224848.145170 -319270.909890 -99959.320514
-224800.418646 -319301.912696 -99973.583829
-224752.687119 -319332.908518 -99987.844976
-224704.950591 -319363.897356 -100002.103953
-224657.209064 -319394.879208 -100016.360761
-224609.462538 -319425.854076 -100030.615399
-224561.711014 -319456.821957 -100044.867867
-224513.954494 -319487.782852 -100059.118164
-224466.192978 -319518.736760 -100073.366291
-224418.426469 -319549.683679 -100087.612246
-224370.654966 -319580.623611 -100101.856031
-224322.878471 -319611.556553 -100116.097643
-224275.096986 -319642.482505 -100130.337084
-224227.310510 -319673.401468 -100144.574353
-224179.519046 -319704.313439 -100158.809449
-224131.722595 -319735.218419 -100173.042373
-224083.921157 -319766.116407 -100187.273123
-224036.114734 -319797.007402 -100201.501700
-223988.303327 -319827.891404 -100215.728104
-223940.486936 -319858.768411 -100229.952334
-223892.665564 -319889.638425 -100244.174389
-223844.839211 -319920.501443 -100258.394270
-223797.007879 -319951.357466 -100272.611976
-223749.171568 -319982.206493 -100286.827508
-223701.330279 -320013.048522 -100301.040864
-223653.484015 -320043.883554 -100315.252044
-223605.632775 -320074.711588 -100329.461048
-223557.776561 -320105.532624 -100343.667876
-223509.915374 -320136.346660 -100357.872528
-223462.049215 -320167.153696 -100372.075003
-223414.178086 -320197.953732 -100386.275301
-223366.301987 -320228.746766 -100400.473421
-223318.420920 -320259.532799 -100414.669364
-223270.534885 -320290.311830 -100428.863129
-223222.643885 -320321.083858 -100443.054716
-223174.747919 -320351.848882 -100457.244124
-223126.846989 -320382.606903 -100471.431353
-223078.941096 -320413.357918 -100485.616403
-223031.030242 -320444.101929 -100499.799274
-222983.114427 -320474.838933 -100513.979966
-222935.193653 -320505.568931 -100528.158477
-222887.267921 -320536.291922 -100542.334808
-222839.337231 -320567.007906 -100556.508959
-222791.401585 -320597.716881 -100570.680929
-222743.460984 -320628.418847 -100584.850717
-222695.515429 -320659.113804 -100599.018325
-222647.564922 -320689.801750 -100613.183750
-222599.609463 -320720.482687 -100627.346994
-222551.649053 -320751.156611 -100641.508056
-222503.683695 -320781.823525 -100655.666934
-222455.713388 -320812.483425 -100669.823631
-222407.738134 -320843.136313 -100683.978144
-222359.757934 -320873.782187 -100698.130473
-222311.772789 -320904.421046 -100712.280619
-222263.782700 -320935.052891 -100726.428581
-222215.787669 -320965.677721 -100740.574359
-222167.787696 -320996.295535 -100754.717952
-222119.782783 -321026.906331 -100768.859361
-222071.772931 -321057.510111 -100782.998584
-222023.758140 -321088.106873 -100797.135622
-221975.738413 -321118.696617 -100811.270474
-221927.713750 -321149.279341 -100825.403140
-221879.684152 -321179.855046 -100839.533620
-221831.649620 -321210.423731 -100853.661914
-221783.610156 -321240.985395 -100867.788020
-221735.565761 -321271.540038 -100881.911940
-221687.516435 -321302.087659 -100896.033672
-221639.462180 -321332.628257 -100910.153217
-221591.402998 -321363.161832 -100924.270573
-221543.338888 -321393.688384 -100938.385741
-221495.269853 -321424.207911 -100952.498721
-221447.195893 -321454.720413 -100966.609512
-221399.117009 -321485.225890 -100980.718113
-221351.033203 -321515.724340 -100994.824526
-221302.944476 -321546.215764 -101008.928748
-221254.850829 -321576.700161 -101023.030781
-221206.752263 -321607.177529 -101037.130623
-221158.648779 -321637.647870 -101051.228275
-221110.540378 -321668.111181 -101065.323736
-221062.427062 -321698.567462 -101079.417006
-221014.308831 -321729.016714 -101093.508085
-220966.185687 -321759.458934 -101107.596972
-220918.057631 -321789.894123 -101121.683666
-220869.924663 -321820.322280 -101135.768169
-220821.786786 -321850.743404 -101149.850479
-220773.643999 -321881.157496 -101163.930596
-220725.496305 -321911.564553 -101178.008520
-220677.343705 -321941.964576 -101192.084251
-220629.186199 -321972.357564 -101206.157788
-220581.023788 -322002.743517 -101220.229131
-220532.856474 -322033.122433 -101234.298280
-220484.684259 -322063.494312 -101248.365234
-220436.507142 -322093.859155 -101262.429994
-220388.325125 -322124.216959 -101276.492558
-220340.138210 -322154.567725 -101290.552927
-220291.946397 -322184.911452 -101304.611100
-220243.749687 -322215.248139 -101318.667078
-220195.548083 -322245.577785 -101332.720859
-220147.341584 -322275.900391 -101346.772443
-220099.130192 -322306.215956 -101360.821831
-220050.913908 -322336.524478 -101374.869021
-220002.692733 -322366.825958 -101388.914015
-219954.466669 -322397.120394 -101402.956810
-219906.235715 -322427.407787 -101416.997408
-219857.999875 -322457.688135 -101431.035807
-219809.759148 -322487.961438 -101445.072008
-219761.513536 -322518.227696 -101459.106010
-219713.263040 -322548.486908 -101473.137813
-219665.007661 -322578.739072 -101487.167416
-219616.747400 -322608.984190 -101501.194820
-219568.482258 -322639.222259 -101515.220024
-219520.212237 -322669.453281 -101529.243028
-219471.937338 -322699.677252 -101543.263831
-219423.657561 -322729.894175 -101557.282434
-219375.372908 -322760.104047 -101571.298835
-219327.083380 -322790.306868 -101585.313035
-219278.788978 -322820.502637 -101599.325033
-219230.489703 -322850.691355 -101613.334830
-219182.185557 -322880.873020 -101627.342424
-219133.876540 -322911.047632 -101641.347815
-219085.562654 -322941.215190 -101655.351004
-219037.243899 -322971.375693 -101669.351990
-218988.920278 -323001.529142 -101683.350773
-218940.591790 -323031.675535 -101697.347351
-218892.258437 -323061.814872 -101711.341726
-218843.920221 -323091.947153 -101725.333897
-218795.577142 -323122.072376 -101739.323863
-218747.229201 -323152.190541 -101753.311625
-218698.876400 -323182.301647 -101767.297181
-218650.518740 -323212.405695 -101781.280532
-218602.156222 -323242.502683 -101795.261678
-218553.788847 -323272.592611 -101809.240617
-218505.416616 -323302.675477 -101823.217351
-218457.039530 -323332.751283 -101837.191878
-218408.657591 -323362.820027 -101851.164198
-218360.270799 -323392.881707 -101865.134311
-218311.879156 -323422.936325 -101879.102217
-218263.482662 -323452.983879 -101893.067915
-218215.081320 -323483.024369 -101907.031405
-218166.675129 -323513.057794 -101920.992687
-218118.264092 -323543.084154 -101934.951761
-218069.848209 -323573.103447 -101948.908626
-218021.427482 -323603.115674 -101962.863282
-217973.001911 -323633.120833 -101976.815729
-217924.571498 -323663.118925 -101990.765966
-217876.136244 -323693.109948 -102004.713993
-217827.696149 -323723.093903 -102018.659811
-217779.251216 -323753.070788 -102032.603417
-217730.801445 -323783.040603 -102046.544813
-217682.346837 -323813.003346 -102060.483998
-217633.887394 -323842.959019 -102074.420972
-217585.423116 -323872.907620 -102088.355734
-217536.954006 -323902.849148 -102102.288285
-217488.480063 -323932.783604 -102116.218623
-217440.001289 -323962.710986 -102130.146749
-217391.517685 -323992.631293 -102144.072662
-217343.029252 -324022.544526 -102157.996362
-217294.535992 -324052.450683 -102171.917849
-217246.037906 -324082.349765 -102185.837123
-217197.534994 -324112.241770 -102199.754183
-217149.027258 -324142.126698 -102213.669028
-217100.514699 -324172.004548 -102227.581659
-217051.997317 -324201.875320 -102241.492076
-217003.475116 -324231.739013 -102255.400278
-216954.948094 -324261.595627 -102269.306264
-216906.416254 -324291.445161 -102283.210035
-216857.879596 -324321.287614 -102297.111590
-216809.338122 -324351.122986 -102311.010929
-216760.791833 -324380.951276 -102324.908052
-216712.240730 -324410.772484 -102338.802958
-216663.684815 -324440.586609 -102352.695647
-216615.124087 -324470.393651 -102366.586119
-216566.558549 -324500.193608 -102380.474374
-216517.988201 -324529.986481 -102394.360411
-216469.413045 -324559.772269 -102408.244230
-216420.833082 -324589.550971 -102422.125830
-216372.248312 -324619.322587 -102436.005212
-216323.658738 -324649.087116 -102449.882375
-216275.064360 -324678.844557 -102463.757319
-216226.465179 -324708.594910 -102477.630044
-216177.861196 -324738.338175 -102491.500548
-216129.252414 -324768.074350 -102505.368833
-216080.638831 -324797.803435 -102519.234898
-216032.020451 -324827.525430 -102533.098742
-215983.397274 -324857.240335 -102546.960365
-215934.769301 -324886.948147 -102560.819767
-215886.136533 -324916.648868 -102574.676948
-215837.498971 -324946.342496 -102588.531907
-215788.856617 -324976.029030 -102602.384644
-215740.209471 -325005.708471 -102616.235158
-215691.557536 -325035.380817 -102630.083451
-215642.900811 -325065.046068 -102643.929520
-215594.239298 -325094.704224 -102657.773367
-215545.572999 -325124.355284 -102671.614990
-215496.901914 -325153.999247 -102685.454389
-215448.226044 -325183.636112 -102699.291565
-215399.545390 -325213.265880 -102713.126516
-215350.859955 -325242.888549 -102726.959243
-215302.169738 -325272.504119 -102740.789745
-215253.474742 -325302.112590 -102754.618022
-215204.774966 -325331.713961 -102768.444074
-215156.070413 -325361.308231 -102782.267900
-215107.361083 -325390.895399 -102796.089500
-215058.646977 -325420.475466 -102809.908874
-215009.928098 -325450.048430 -102823.726022
-214961.204445 -325479.614291 -102837.540943
-214912.476019 -325509.173049 -102851.353637
-214863.742823 -325538.724702 -102865.164104
-214815.004858 -325568.269251 -102878.972343
-214766.262123 -325597.806694 -102892.778354
-214717.514621 -325627.337032 -102906.582138
-214668.762353 -325656.860263 -102920.383693
-214620.005319 -325686.376387 -102934.183019
-214571.243521 -325715.885403 -102947.980116
-214522.476960 -325745.387311 -102961.774984
-214473.705638 -325774.882111 -102975.567623
-214424.929554 -325804.369801 -102989.358031
-214376.148711 -325833.850381 -103003.146210
-214327.363110 -325863.323851 -103016.932159
-214278.572751 -325892.790210 -103030.715876
-214229.777636 -325922.249457 -103044.497363
-214180.977766 -325951.701592 -103058.276619
-214132.173142 -325981.146614 -103072.053643
-214083.363765 -326010.584523 -103085.828436
-214034.549637 -326040.015318 -103099.600996
-213985.730758 -326069.438999 -103113.371324
-213936.907129 -326098.855565 -103127.139420
-213888.078753 -326128.265015 -103140.905283
-213839.245629 -326157.667349 -103154.668912
-213790.407760 -326187.062566 -103168.430309
-213741.565145 -326216.450666 -103182.189471
-213692.717787 -326245.831648 -103195.946400
-213643.865687 -326275.205511 -103209.701094
-213595.008845 -326304.572256 -103223.453554
-213546.147262 -326333.931881 -103237.203779
-213497.280941 -326363.284386 -103250.951769
-213448.409881 -326392.629770 -103264.697524
-213399.534085 -326421.968033 -103278.441043
-213350.653553 -326451.299174 -103292.182326
-213301.768286 -326480.623192 -103305.921373
-213252.878286 -326509.940088 -103319.658184
-213203.983554 -326539.249860 -103333.392758
-213155.084090 -326568.552508 -103347.125094
-213106.179896 -326597.848031 -103360.855194
-213057.270974 -326627.136430 -103374.583056
-213008.357323 -326656.417702 -103388.308680
-212959.438946 -326685.691848 -103402.032066
-212910.515844 -326714.958867 -103415.753213
-212861.588017 -326744.218758 -103429.472122
-212812.655467 -326773.471521 -103443.188792
-212763.718195 -326802.717156 -103456.903223
-212714.776201 -326831.955662 -103470.615414
-212665.829489 -326861.187037 -103484.325365
-212616.878057 -326890.411283 -103498.033077
-212567.921908 -326919.628397 -103511.738548
-212518.961042 -326948.838380 -103525.441778
-212469.995462 -326978.041231 -103539.142767
-212421.025167 -327007.236949 -103552.841516
-212372.050159 -327036.425535 -103566.538023
-212323.070439 -327065.606986 -103580.232288
-212274.086009 -327094.781303 -103593.924311
-212225.096869 -327123.948485 -103607.614092
-212176.103020 -327153.108532 -103621.301630
-212127.104465 -327182.261443 -103634.986925
-212078.101203 -327211.407217 -103648.669978
-212029.093236 -327240.545855 -103662.350787
-211980.080565 -327269.677354 -103676.029352
-211931.063192 -327298.801715 -103689.705673
-211882.041117 -327327.918938 -103703.379750
-211833.014341 -327357.029021 -103717.051583
-211783.982866 -327386.131964 -103730.721171
-211734.946693 -327415.227767 -103744.388514
-211685.905823 -327444.316428 -103758.053611
-211636.860257 -327473.397948 -103771.716463
-211587.809997 -327502.472326 -103785.377069
-211538.755043 -327531.539561 -103799.035429
-211489.695396 -327560.599653 -103812.691543
-211440.631058 -327589.652601 -103826.345409
-211391.562029 -327618.698404 -103839.997029
-211342.488312 -327647.737062 -103853.646402
-211293.409907 -327676.768575 -103867.293527
-211244.326815 -327705.792942 -103880.938404
-211195.239037 -327734.810162 -103894.581033
-211146.146575 -327763.820235 -103908.221414
-211097.049429 -327792.823160 -103921.859546
-211047.947602 -327821.818937 -103935.495429
-210998.841093 -327850.807564 -103949.129063
-210949.729904 -327879.789043 -103962.760448
-210900.614036 -327908.763371 -103976.389583
-210851.493491 -327937.730548 -103990.016468
-210802.368269 -327966.690575 -104003.641102
-210753.238372 -327995.643450 -104017.263486
-210704.103801 -328024.589172 -104030.883620
-210654.964557 -328053.527742 -104044.501502
-210605.820640 -328082.459158 -104058.117132
-210556.672053 -328111.383420 -104071.730512
-210507.518796 -328140.300528 -104085.341639
-210458.360871 -328169.210480 -104098.950514
-210409.198278 -328198.113277 -104112.557136
-210360.031019 -328227.008918 -104126.161506
-210310.859095 -328255.897402 -104139.763622
-210261.682507 -328284.778729 -104153.363486
-210212.501256 -328313.652898 -104166.961096
-210163.315343 -328342.519908 -104180.556451
-210114.124770 -328371.379759 -104194.149553
-210064.929537 -328400.232451 -104207.740401
-210015.729647 -328429.077983 -104221.328993
-209966.525099 -328457.916354 -104234.915331
-209917.315895 -328486.747564 -104248.499414
-209868.102036 -328515.571612 -104262.081241
-209818.883524 -328544.388498 -104275.660812
-209769.660359 -328573.198221 -104289.238127
-209720.432542 -328602.000780 -104302.813186
-209671.200076 -328630.796176 -104316.385988
-209621.962960 -328659.584406 -104329.956534
-209572.721196 -328688.365472 -104343.524822
-209523.474786 -328717.139372 -104357.090853
-209474.223729 -328745.906106 -104370.654626
-209424.968029 -328774.665673 -104384.216141
-209375.707684 -328803.418073 -104397.775398
-209326.442698 -328832.163305 -104411.332396
-209277.173070 -328860.901368 -104424.887136
-209227.898803 -328889.632263 -104438.439617
-209178.619896 -328918.355987 -104451.989838
-209129.336352 -328947.072542 -104465.537799
-209080.048172 -328975.781926 -104479.083501
-209030.755356 -329004.484139 -104492.626943
-208981.457905 -329033.179180 -104506.168124
-208932.155822 -329061.867049 -104519.707044
-208882.849106 -329090.547745 -104533.243704
-208833.537760 -329119.221267 -104546.778102
-208784.221784 -329147.887615 -104560.310239
-208734.901180 -329176.546789 -104573.840113
-208685.575948 -329205.198788 -104587.367726
-208636.246089 -329233.843611 -104600.893077
-208586.911606 -329262.481258 -104614.416165
-208537.572499 -329291.111728 -104627.936990
-208488.228769 -329319.735021 -104641.455551
-208438.880417 -329348.351136 -104654.971850
-208389.527445 -329376.960072 -104668.485884
-208340.169853 -329405.561830 -104681.997655
-208290.807643 -329434.156408 -104695.507162
-208241.440816 -329462.743806 -104709.014403
-208192.069373 -329491.324023 -104722.519381
-208142.693315 -329519.897059 -104736.022093
-208093.312643 -329548.462913 -104749.522539
-208043.927359 -329577.021585 -104763.020720
-207994.537464 -329605.573075 -104776.516635
-207945.142958 -329634.117381 -104790.010284
-207895.743843 -329662.654502 -104803.501667
-207846.340121 -329691.184440 -104816.990783
-207796.931791 -329719.707192 -104830.477632
-207747.518856 -329748.222759 -104843.962213
-207698.101316 -329776.731140 -104857.444528
-207648.679173 -329805.232334 -104870.924574
-207599.252427 -329833.726340 -104884.402352
-207549.821081 -329862.213159 -104897.877862
-207500.385135 -329890.692790 -104911.351103
-207450.944589 -329919.165232 -104924.822076
-207401.499447 -329947.630484 -104938.290779
-207352.049707 -329976.088546 -104951.757213
-207302.595373 -330004.539418 -104965.221377
-207253.136444 -330032.983099 -104978.683271
-207203.672922 -330061.419588 -104992.142895
-207154.204808 -330089.848885 -105005.600249
-207104.732103 -330118.270989 -105019.055331
-207055.254809 -330146.685899 -105032.508143
-207005.772926 -330175.093616 -105045.958683
-206956.286456 -330203.494139 -105059.406952
-206906.795400 -330231.887467 -105072.852949
-206857.299758 -330260.273599 -105086.296673
-206807.799533 -330288.652535 -105099.738125
-206758.294725 -330317.024275 -105113.177305
-206708.785335 -330345.388817 -105126.614212
-206659.271365 -330373.746162 -105140.048845
-206609.752816 -330402.096309 -105153.481205
-206560.229688 -330430.439256 -105166.911291
-206510.701984 -330458.775005 -105180.339103
-206461.169703 -330487.103554 -105193.764641
-206411.632848 -330515.424902 -105207.187904
-206362.091419 -330543.739049 -105220.608892
-206312.545418 -330572.045995 -105234.027605
-206262.994846 -330600.345739 -105247.444043
-206213.439703 -330628.638280 -105260.858205
-206163.879991 -330656.923618 -105274.270092
-206114.315712 -330685.201753 -105287.679702
-206064.746866 -330713.472683 -105301.087035
-206015.173454 -330741.736408 -105314.492092
-205965.595478 -330769.992928 -105327.894872
-205916.012937 -330798.242244 -105341.295374
-205866.425835 -330826.484351 -105354.693599
-205816.834173 -330854.719252 -105368.089546
-205767.237950 -330882.946946 -105381.483215
-205717.637169 -330911.167431 -105394.874606
-205668.031831 -330939.380708 -105408.263718
-205618.421936 -330967.586776 -105421.650551
-205568.807486 -330995.785634 -105435.035105
-205519.188482 -331023.977281 -105448.417379
-205469.564925 -331052.161718 -105461.797374
-205419.936816 -331080.338944 -105475.175089
-205370.304157 -331108.508958 -105488.550523
-205320.666948 -331136.671759 -105501.923677
-205271.025190 -331164.827348 -105515.294550
-205221.378886 -331192.975723 -105528.663142
-205171.728035 -331221.116884 -105542.029453
-205122.072640 -331249.250831 -105555.393482
-205072.412701 -331277.377562 -105568.755230
-205022.748219 -331305.497078 -105582.114695
-204973.079196 -331333.609377 -105595.471877
-204923.405632 -331361.714460 -105608.826777
-204873.727530 -331389.812326 -105622.179395
-204824.044889 -331417.902974 -105635.529728
-204774.357712 -331445.986403 -105648.877779
-204724.665998 -331474.062614 -105662.223545
-204674.969751 -331502.131605 -105675.567028
-204625.268969 -331530.193376 -105688.908226
-204575.563656 -331558.247927 -105702.247140
-204525.853812 -331586.295256 -105715.583769
-204476.139437 -331614.335364 -105728.918113
-204426.420534 -331642.368250 -105742.250171
-204376.697103 -331670.393913 -105755.579944
-204326.969146 -331698.412353 -105768.907431
-204277.236663 -331726.423569 -105782.232631
-204227.499656 -331754.427561 -105795.555545
-204177.758126 -331782.424328 -105808.876173
-204128.012074 -331810.413870 -105822.194513
-204078.261501 -331838.396186 -105835.510567
-204028.506409 -331866.371275 -105848.824332
-203978.746798 -331894.339137 -105862.135810
-203928.982670 -331922.299772 -105875.445000
-203879.214026 -331950.253178 -105888.751902
-203829.440866 -331978.199357 -105902.056515
-203779.663193 -332006.138305 -105915.358839
-203729.881007 -332034.070025 -105928.658874
-203680.094310 -332061.994514 -105941.956619
-203630.303102 -332089.911772 -105955.252075
-203580.507385 -332117.821799 -105968.545241
-203530.707160 -332145.724594 -105981.836117
-203480.902428 -332173.620157 -105995.124702
-203431.093190 -332201.508486 -106008.410997
-203381.279448 -332229.389583 -106021.695000
-203331.461202 -332257.263445 -106034.976712
-203281.638453 -332285.130073 -106048.256133
-203231.811204 -332312.989466 -106061.533262
-203181.979454 -332340.841623 -106074.808099
-203132.143205 -332368.686544 -106088.080643
-203082.302459 -332396.524228 -106101.350895
-203032.457216 -332424.354675 -106114.618854
-202982.607478 -332452.177885 -106127.884520
-202932.753245 -332479.993856 -106141.147892
-202882.894519 -332507.802588 -106154.408971
-202833.031302 -332535.604081 -106167.667755
-202783.163593 -332563.398334 -106180.924246
-202733.291395 -332591.185347 -106194.178442
-202683.414708 -332618.965118 -106207.430343
-202633.533534 -332646.737649 -106220.679949
-202583.647873 -332674.502937 -106233.927260
-202533.757728 -332702.260982 -106247.172276
-202483.863098 -332730.011785 -106260.414995
-202433.963986 -332757.755344 -106273.655419
-202384.060392 -332785.491658 -106286.893546
-202334.152318 -332813.220728 -106300.129377
-202284.239764 -332840.942553 -106313.362910
-202234.322732 -332868.657132 -106326.594147
-202184.401224 -332896.364465 -106339.823086
-202134.475239 -332924.064551 -106353.049727
-202084.544779 -332951.757389 -106366.274071
-202034.609847 -332979.442980 -106379.496116
-201984.670441 -333007.121322 -106392.715862
-201934.726565 -333034.792415 -106405.933310
-201884.778218 -333062.456259 -106419.148459
-201834.825402 -333090.112852 -106432.361309
-201784.868119 -333117.762195 -106445.571859
-201734.906369 -333145.404287 -106458.780109
-201684.940153 -333173.039127 -106471.986059
-201634.969473 -333200.666716 -106485.189709
-201584.994330 -333228.287051 -106498.391058
-201535.014725 -333255.900133 -106511.590107
-201485.030659 -333283.505962 -106524.786854
-201435.042133 -333311.104536 -106537.981300
-201385.049149 -333338.695855 -106551.173444
-201335.051707 -333366.279919 -106564.363286
-201285.049809 -333393.856728 -106577.550826
-201235.043456 -333421.426279 -106590.736063
-201185.032649 -333448.988574 -106603.918998
-201135.017389 -333476.543611 -106617.099630
-201084.997678 -333504.091391 -106630.277958
-201034.973516 -333531.631911 -106643.453983
-200984.944905 -333559.165173 -106656.627704
-200934.911845 -333586.691175 -106669.799121
-200884.874339 -333614.209917 -106682.968233
-200834.832386 -333641.721399 -106696.135041
-200784.785989 -333669.225619 -106709.299545
-200734.735148 -333696.722577 -106722.461743
-200684.679865 -333724.212273 -106735.621635
-200634.620141 -333751.694707 -106748.779222
-200584.555977 -333779.169877 -106761.934503
-200534.487373 -333806.637783 -106775.087478
-200484.414332 -333834.098425 -106788.238147
-200434.336854 -333861.551802 -106801.386508
-200384.254941 -333888.997914 -106814.532563
-200334.168593 -333916.436760 -106827.676310
-200284.077812 -333943.868339 -106840.817750
-200233.982599 -333971.292651 -106853.956882
-200183.882956 -333998.709696 -106867.093706
-200133.778882 -334026.119473 -106880.228222
-200083.670380 -334053.521981 -106893.360429
-200033.557451 -334080.917220 -106906.490328
-199983.440095 -334108.305189 -106919.617917
-199933.318315 -334135.685888 -106932.743197
-199883.192110 -334163.059317 -106945.866167
-199833.061482 -334190.425474 -106958.986827
-199782.926433 -334217.784360 -106972.105178
-199732.786964 -334245.135973 -106985.221217
-199682.643075 -334272.480313 -106998.334946
-199632.494768 -334299.817380 -107011.446365
-199582.342044 -334327.147174 -107024.555471
-199532.184904 -334354.469693 -107037.662267
-199482.023350 -334381.784937 -107050.766751
-199431.857382 -334409.092906 -107063.868922
-199381.687001 -334436.393598 -107076.968782
-199331.512209 -334463.687014 -107090.066328
-199281.333008 -334490.973154 -107103.161562
-199231.149397 -334518.252015 -107116.254483
-199180.961379 -334545.523599 -107129.345091
-199130.768954 -334572.787904 -107142.433385
-199080.572123 -334600.044930 -107155.519365
-199030.370889 -334627.294677 -107168.603031
-198980.165251 -334654.537143 -107181.684383
-198929.955211 -334681.772329 -107194.763420
-198879.740770 -334709.000233 -107207.840142
-198829.521930 -334736.220856 -107220.914549
-198779.298691 -334763.434196 -107233.986641
-198729.071055 -334790.640254 -107247.056416
-198678.839023 -334817.839028 -107260.123876
-198628.602595 -334845.030519 -107273.189020
-198578.361774 -334872.214725 -107286.251847
-198528.116560 -334899.391647 -107299.312357
-198477.866955 -334926.561283 -107312.370551
-198427.612959 -334953.723633 -107325.426427
-198377.354574 -334980.878697 -107338.479985
-198327.091801 -335008.026474 -107351.531226
-198276.824640 -335035.166963 -107364.580149
-198226.553094 -335062.300165 -107377.626753
-198176.277164 -335089.426077 -107390.671039
-198125.996850 -335116.544701 -107403.713006
-198075.712154 -335143.656036 -107416.752654
-198025.423076 -335170.760080 -107429.789982
-197975.129619 -335197.856834 -107442.824991
-197924.831783 -335224.946296 -107455.857680
-197874.529569 -335252.028467 -107468.888048
-197824.222978 -335279.103346 -107481.916096
-197773.912013 -335306.170932 -107494.941824
-197723.596673 -335333.231225 -107507.965231
-197673.276960 -335360.284224 -107520.986316
-197622.952875 -335387.329929 -107534.005080
-197572.624419 -335414.368340 -107547.021522
-197522.291594 -335441.399455 -107560.035642
-197471.954401 -335468.423274 -107573.047440
-197421.612840 -335495.439797 -107586.056916
-197371.266913 -335522.449023 -107599.064068
-197320.916621 -335549.450952 -107612.068898
-197270.561966 -335576.445582 -107625.071404
-197220.202947 -335603.432915 -107638.071587
-197169.839568 -335630.412949 -107651.069445
-197119.471828 -335657.385683 -107664.064980
-197069.099729 -335684.351117 -107677.058191
-197018.723272 -335711.309251 -107690.049076
-196968.342458 -335738.260084 -107703.037637
-196917.957289 -335765.203615 -107716.023873
-196867.567765 -335792.139844 -107729.007783
-196817.173888 -335819.068771 -107741.989368
-196766.775658 -335845.990395 -107754.968627
-196716.373078 -335872.904715 -107767.945559
-196665.966147 -335899.811731 -107780.920165
-196615.554868 -335926.711443 -107793.892445
-196565.139242 -335953.603849 -107806.862397
-196514.719269 -335980.488950 -107819.830022
-196464.294951 -336007.366745 -107832.795320
-196413.866288 -336034.237233 -107845.758290
-196363.433283 -336061.100413 -107858.718932
-196312.995936 -336087.956287 -107871.677246
-196262.554249 -336114.804852 -107884.633231
-196212.108222 -336141.646108 -107897.586887
-196161.657857 -336168.480055 -107910.538214
-196111.203155 -336195.306692 -107923.487212
-196060.744117 -336222.126019 -107936.433881
-196010.280744 -336248.938035 -107949.378219
-195959.813037 -336275.742740 -107962.320228
-195909.340998 -336302.540133 -107975.259906
-195858.864628 -336329.330214 -107988.197253
-195808.383928 -336356.112982 -108001.132270
-195757.898898 -336382.888436 -108014.064955
-195707.409541 -336409.656577 -108026.995309
-195656.915857 -336436.417403 -108039.923331
-195606.417848 -336463.170915 -108052.849022
-195555.915514 -336489.917111 -108065.772380
-195505.408858 -336516.655991 -108078.693406
-195454.897879 -336543.387554 -108091.612099
-195404.382579 -336570.111801 -108104.528459
-195353.862960 -336596.828730 -108117.442486
-195303.339022 -336623.538342 -108130.354180
-195252.810766 -336650.240634 -108143.263539
-195202.278195 -336676.935608 -108156.170565
-195151.741309 -336703.623262 -108169.075257
-195101.200108 -336730.303597 -108181.977614
-195050.654595 -336756.976610 -108194.877636
-195000.104770 -336783.642303 -108207.775323
-194949.550635 -336810.300674 -108220.670675
-194898.992191 -336836.951723 -108233.563691
-194848.429439 -336863.595450 -108246.454371
-194797.862379 -336890.231853 -108259.342716
-194747.291014 -336916.860933 -108272.228724
-194696.715345 -336943.482688 -108285.112395
-194646.135372 -336970.097119 -108297.993730
-194595.551097 -336996.704225 -108310.872727
-194544.962520 -337023.304005 -108323.749388
-194494.369644 -337049.896460 -108336.623710
-194443.772469 -337076.481587 -108349.495695
-194393.170996 -337103.059387 -108362.365341
-194342.565227 -337129.629860 -108375.232649
-194291.955163 -337156.193004 -108388.097618
-194241.340804 -337182.748820 -108400.960249
-194190.722153 -337209.297306 -108413.820540
-194140.099209 -337235.838463 -108426.678492
-194089.471975 -337262.372289 -108439.534104
-194038.840452 -337288.898785 -108452.387376
-193988.204640 -337315.417949 -108465.238308
-193937.564541 -337341.929782 -108478.086900
-193886.920156 -337368.434282 -108490.933150
-193836.271487 -337394.931450 -108503.777060
-193785.618533 -337421.421284 -108516.618629
-193734.961298 -337447.903785 -108529.457856
-193684.299780 -337474.378951 -108542.294741
-193633.633983 -337500.846783 -108555.129284
-193582.963907 -337527.307279 -108567.961485
-193532.289553 -337553.760439 -108580.791343
-193481.610922 -337580.206263 -108593.618859
-193430.928015 -337606.644750 -108606.444031
-193380.240835 -337633.075900 -108619.266861
-193329.549381 -337659.499712 -108632.087346
-193278.853655 -337685.916185 -108644.905488
-193228.153658 -337712.325320 -108657.721286
-193177.449391 -337738.727115 -108670.534739
-193126.740856 -337765.121571 -108683.345848
-193076.028054 -337791.508686 -108696.154612
-193025.310985 -337817.888460 -108708.961030
-192974.589652 -337844.260893 -108721.765104
-192923.864054 -337870.625984 -108734.566831
-192873.134194 -337896.983732 -108747.366213
-192822.400072 -337923.334138 -108760.163249
-192771.661690 -337949.677200 -108772.957938
-192720.919049 -337976.012918 -108785.750281
-192670.172149 -338002.341292 -108798.540277
-192619.420993 -338028.662321 -108811.327925
-192568.665581 -338054.976004 -108824.113226
-192517.905914 -338081.282341 -108836.896180
-192467.141994 -338107.581332 -108849.676785
-192416.373822 -338133.872977 -108862.455042
-192365.601399 -338160.157273 -108875.230951
-192314.824726 -338186.434222 -108888.004511
-192264.043804 -338212.703822 -108900.775722
-192213.258634 -338238.966073 -108913.544584
-192162.469219 -338265.220975 -108926.311097
-192111.675557 -338291.468527 -108939.075259
-192060.877652 -338317.708728 -108951.837072
-192010.075504 -338343.941578 -108964.596534
-191959.269114 -338370.167077 -108977.353646
-191908.458484 -338396.385224 -108990.108407
-191857.643614 -338422.596018 -109002.860817
-191806.824506 -338448.799460 -109015.610876
-191756.001161 -338474.995548 -109028.358583
-191705.173580 -338501.184281 -109041.103939
-191654.341764 -338527.365661 -109053.846942
-191603.505714 -338553.539685 -109066.587593
-191552.665432 -338579.706354 -109079.325892
-191501.820919 -338605.865667 -109092.061837
-191450.972176 -338632.017623 -109104.795430
-191400.119204 -338658.162223 -109117.526669
-191349.262004 -338684.299465 -109130.255555
-191298.400578 -338710.429349 -109142.982087
-191247.534926 -338736.551874 -109155.706264
-191196.665050 -338762.667040 -109168.428088
-191145.790951 -338788.774847 -109181.147556
-191094.912629 -338814.875294 -109193.864670
-191044.030088 -338840.968381 -109206.579429
-190993.143326 -338867.054106 -109219.291832
-190942.252346 -338893.132470 -109232.001880
-190891.357149 -338919.203472 -109244.709572
-190840.457736 -338945.267111 -109257.414908
-190789.554108 -338971.323387 -109270.117887
-190738.646266 -338997.372300 -109282.818510
-190687.734211 -339023.413849 -109295.516775
-190636.817945 -339049.448034 -109308.212684
-190585.897469 -339075.474853 -109320.906235
-190534.972784 -339101.494307 -109333.597428
-190484.043891 -339127.506395 -109346.286264
-190433.110791 -339153.511116 -109358.972741
-190382.173485 -339179.508471 -109371.656860
-190331.231975 -339205.498457 -109384.338620
-190280.286262 -339231.481076 -109397.018022
-190229.336347 -339257.456327 -109409.695064
-190178.382230 -339283.424208 -109422.369746
-190127.423914 -339309.384720 -109435.042069
-190076.461400 -339335.337862 -109447.712032
-190025.494688 -339361.283634 -109460.379635
-189974.523780 -339387.222034 -109473.044877
-189923.548676 -339413.153064 -109485.707758
-189872.569379 -339439.076721 -109498.368279
-189821.585889 -339464.993005 -109511.026438
-189770.598208 -339490.901917 -109523.682236
-189719.606336 -339516.803455 -109536.335672
-189668.610275 -339542.697620 -109548.986746
-189617.610026 -339568.584410 -109561.635457
-189566.605589 -339594.463825 -109574.281807
-189515.596968 -339620.335864 -109586.925793
-189464.584161 -339646.200528 -109599.567416
-189413.567171 -339672.057815 -109612.206677
-189362.545999 -339697.907725 -109624.843573
-189311.520646 -339723.750258 -109637.478106
-189260.491113 -339749.585413 -109650.110275
-189209.457402 -339775.413190 -109662.740079
-189158.419512 -339801.233587 -109675.367519
-189107.377447 -339827.046605 -109687.992594
-189056.331206 -339852.852244 -109700.615304
-189005.280791 -339878.650502 -109713.235649
-188954.226203 -339904.441379 -109725.853628
-188903.167444 -339930.224875 -109738.469242
-188852.104514 -339956.000989 -109751.082489
-188801.037414 -339981.769720 -109763.693370
-188749.966147 -340007.531069 -109776.301885
-188698.890712 -340033.285034 -109788.908032
-188647.811112 -340059.031616 -109801.511813
-188596.727346 -340084.770813 -109814.113226
-188545.639418 -340110.502625 -109826.712271
-188494.547327 -340136.227052 -109839.308949
-188443.451074 -340161.944094 -109851.903259
-188392.350662 -340187.653749 -109864.495200
-188341.246091 -340213.356017 -109877.084773
-188290.137362 -340239.050898 -109889.671977
-188239.024477 -340264.738391 -109902.256812
-188187.907436 -340290.418496 -109914.839277
-188136.786242 -340316.091212 -109927.419373
-188085.660894 -340341.756539 -109939.997099
-188034.531394 -340367.414476 -109952.572455
-187983.397744 -340393.065023 -109965.145440
-187932.259944 -340418.708180 -109977.716055
-187881.117996 -340444.343945 -109990.284299
-187829.971901 -340469.972318 -110002.850172
-187778.821660 -340495.593299 -110015.413673
-187727.667274 -340521.206888 -110027.974803
-187676.508744 -340546.813083 -110040.533561
-187625.346072 -340572.411885 -110053.089947
-187574.179259 -340598.003292 -110065.643960
-187523.008305 -340623.587305 -110078.195601
-187471.833213 -340649.163923 -110090.744869
-187420.653983 -340674.733145 -110103.291764
-187369.470616 -340700.294971 -110115.836285
-187318.283114 -340725.849401 -110128.378433
-187267.091477 -340751.396433 -110140.918207
-187215.895708 -340776.936068 -110153.455607
-187164.695806 -340802.468305 -110165.990632
-187113.491774 -340827.993143 -110178.523283
-187062.283612 -340853.510582 -110191.053558
-187011.071322 -340879.020622 -110203.581459
-186959.854904 -340904.523261 -110216.106984
-186908.634361 -340930.018501 -110228.630134
-186857.409692 -340955.506339 -110241.150907
-186806.180900 -340980.986776 -110253.669305
-186754.947985 -341006.459810 -110266.185326
-186703.710949 -341031.925443 -110278.698970
-186652.469793 -341057.383672 -110291.210237
-186601.224518 -341082.834498 -110303.719128
-186549.975124 -341108.277920 -110316.225641
-186498.721614 -341133.713938 -110328.729776
-186447.463989 -341159.142551 -110341.231533
-186396.202249 -341184.563758 -110353.730912
-186344.936396 -341209.977560 -110366.227913
-186293.666431 -341235.383955 -110378.722535
-186242.392355 -341260.782944 -110391.214778
-186191.114170 -341286.174525 -110403.704642
-186139.831876 -341311.558698 -110416.192126
-186088.545475 -341336.935463 -110428.677231
-186037.254967 -341362.304820 -110441.159956
-185985.960355 -341387.666767 -110453.640301
-185934.661639 -341413.021304 -110466.118265
-185883.358820 -341438.368431 -110478.593849
-185832.051900 -341463.708148 -110491.067051
-185780.740879 -341489.040453 -110503.537873
-185729.425760 -341514.365346 -110516.006313
-185678.106542 -341539.682828 -110528.472371
-185626.783228 -341564.992897 -110540.936048
-185575.455818 -341590.295552 -110553.397342
-185524.124313 -341615.590794 -110565.856254
-185472.788716 -341640.878623 -110578.312783
-185421.449026 -341666.159036 -110590.766929
-185370.105246 -341691.432034 -110603.218692
-185318.757375 -341716.697617 -110615.668072
-185267.405417 -341741.955784 -110628.115068
-185216.049370 -341767.206534 -110640.559680
-185164.689238 -341792.449868 -110653.001907
-185113.325021 -341817.685784 -110665.441751
-185061.956719 -341842.914282 -110677.879210
-185010.584335 -341868.135361 -110690.314283
-184959.207870 -341893.349022 -110702.746972
-184907.827324 -341918.555263 -110715.177275
-184856.442699 -341943.754084 -110727.605193
-184805.053996 -341968.945485 -110740.030724
-184753.661216 -341994.129466 -110752.453870
-184702.264361 -342019.306024 -110764.874629
-184650.863431 -342044.475161 -110777.293001
-184599.458428 -342069.636876 -110789.708986
-184548.049353 -342094.791168 -110802.122584
-184496.636207 -342119.938037 -110814.533795
-184445.218991 -342145.077482 -110826.942618
-184393.797706 -342170.209503 -110839.349053
-184342.372354 -342195.334099 -110851.753100
-184290.942936 -342220.451270 -110864.154759
-184239.509453 -342245.561016 -110876.554029
-184188.071905 -342270.663335 -110888.950910
-184136.630296 -342295.758228 -110901.345402
-184085.184624 -342320.845693 -110913.737504
-184033.734892 -342345.925731 -110926.127217
-183982.281101 -342370.998341 -110938.514540
-183930.823252 -342396.063523 -110950.899473
-183879.361346 -342421.121275 -110963.282015
-183827.895385 -342446.171598 -110975.662166
-183776.425369 -342471.214491 -110988.039927
-183724.951299 -342496.249954 -111000.415297
-183673.473178 -342521.277986 -111012.788275
-183621.991005 -342546.298586 -111025.158861
-183570.504783 -342571.311755 -111037.527056
-183519.014512 -342596.317491 -111049.892859
-183467.520194 -342621.315794 -111062.256269
-183416.021829 -342646.306664 -111074.617286
-183364.519419 -342671.290101 -111086.975911
-183313.012966 -342696.266103 -111099.332142
-183261.502469 -342721.234670 -111111.685980
-183209.987932 -342746.195802 -111124.037424
-183158.469353 -342771.149499 -111136.386475
-183106.946736 -342796.095759 -111148.733131
-183055.420080 -342821.034583 -111161.077393
-183003.889388 -342845.965969 -111173.419261
-182952.354660 -342870.889918 -111185.758733
-182900.815897 -342895.806429 -111198.095811
-182849.273101 -342920.715502 -111210.430493
-182797.726273 -342945.617135 -111222.762779
-182746.175414 -342970.511329 -111235.092670
-182694.620525 -342995.398083 -111247.420164
-182643.061607 -343020.277397 -111259.745262
-182591.498662 -343045.149269 -111272.067963
-182539.931691 -343070.013701 -111284.388268
-182488.360695 -343094.870690 -111296.706176
-182436.785674 -343119.720237 -111309.021686
-182385.206631 -343144.562342 -111321.334798
-182333.623567 -343169.397003 -111333.645513
-182282.036482 -343194.224220 -111345.953830
-182230.445377 -343219.043993 -111358.259748
-182178.850255 -343243.856321 -111370.563268
-182127.251116 -343268.661204 -111382.864389
-182075.647961 -343293.458642 -111395.163111
-182024.040792 -343318.248633 -111407.459433
-181972.429609 -343343.031178 -111419.753356
-181920.814415 -343367.806276 -111432.044879
-181869.195209 -343392.573926 -111444.334002
-181817.571993 -343417.334128 -111456.620725
-181765.944769 -343442.086882 -111468.905047
-181714.313537 -343466.832187 -111481.186969
-181662.678299 -343491.570042 -111493.466489
-181611.039056 -343516.300448 -111505.743608
-181559.395810 -343541.023403 -111518.018326
-181507.748560 -343565.738907 -111530.290641
-181456.097309 -343590.446960 -111542.560555
-181404.442057 -343615.147561 -111554.828066
-181352.782806 -343639.840710 -111567.093175
-181301.119558 -343664.526407 -111579.355882
-181249.452312 -343689.204650 -111591.616185
-181197.781071 -343713.875439 -111603.874085
-181146.105835 -343738.538774 -111616.129581
-181094.426606 -343763.194655 -111628.382674
-181042.743384 -343787.843080 -111640.633362
-180991.056172 -343812.484050 -111652.881647
-180939.364970 -343837.117564 -111665.127526
-180887.669780 -343861.743622 -111677.371002
-180835.970602 -343886.362222 -111689.612072
-180784.267438 -343910.973365 -111701.850737
-180732.560288 -343935.577051 -111714.086996
-180680.849155 -343960.173277 -111726.320850
-180629.134039 -343984.762045 -111738.552298
-180577.414942 -344009.343354 -111750.781339
-180525.691864 -344033.917203 -111763.007974
-180473.964807 -344058.483592 -111775.232203
-180422.233772 -344083.042520 -111787.454024
-180370.498760 -344107.593987 -111799.673439
-180318.759773 -344132.137992 -111811.890445
-180267.016811 -344156.674535 -111824.105045
-180215.269876 -344181.203616 -111836.317236
-180163.518969 -344205.725233 -111848.527019
-180111.764091 -344230.239387 -111860.734394
-180060.005243 -344254.746077 -111872.939360
-180008.242427 -344279.245302 -111885.141917
-179956.475643 -344303.737063 -111897.342065
-179904.704893 -344328.221358 -111909.539803
-179852.930178 -344352.698188 -111921.735132
-179801.151499 -344377.167551 -111933.928051
-179749.368858 -344401.629447 -111946.118560
-179697.582255 -344426.083876 -111958.306659
-179645.791691 -344450.530838 -111970.492347
-179593.997169 -344474.970331 -111982.675624
-179542.198689 -344499.402355 -111994.856490
-179490.396252 -344523.826911 -112007.034945
-179438.589859 -344548.243997 -112019.210988
-179386.779512 -344572.653612 -112031.384619
-179334.965212 -344597.055758 -112043.555838
-179283.146959 -344621.450432 -112055.724645
-179231.324756 -344645.837635 -112067.891039
-179179.498603 -344670.217366 -112080.055021
-179127.668502 -344694.589625 -112092.216589
-179075.834453 -344718.954411 -112104.375744
-179023.996458 -344743.311723 -112116.532486
-178972.154519 -344767.661562 -112128.686814
-178920.308635 -344792.003927 -112140.838727
-178868.458809 -344816.338816 -112152.988227
-178816.605041 -344840.666231 -112165.135312
-178764.747334 -344864.986170 -112177.279982
-178712.885687 -344889.298633 -112189.422237
-178661.020102 -344913.603620 -112201.562077
-178609.150581 -344937.901129 -112213.699502
-178557.277124 -344962.191162 -112225.834510
-178505.399732 -344986.473716 -112237.967103
-178453.518408 -345010.748791 -112250.097280
-178401.633152 -345035.016388 -112262.225040
-178349.743964 -345059.276506 -112274.350383
-178297.850848 -345083.529144 -112286.473309
-178245.953803 -345107.774301 -112298.593819
-178194.052830 -345132.011978 -112310.711910
-178142.147932 -345156.242174 -112322.827585
-178090.239108 -345180.464888 -112334.940841
-178038.326361 -345204.680120 -112347.051679
-177986.409691 -345228.887870 -112359.160098
-177934.489101 -345253.088136 -112371.266099
-177882.564589 -345277.280919 -112383.369681
-177830.636159 -345301.466218 -112395.470844
-177778.703811 -345325.644033 -112407.569588
-177726.767547 -345349.814363 -112419.665912
-177674.827367 -345373.977208 -112431.759816
-177622.883273 -345398.132567 -112443.851300
-177570.935266 -345422.280439 -112455.940364
-177518.983347 -345446.420825 -112468.027007
-177467.027517 -345470.553724 -112480.111229
-177415.067778 -345494.679135 -112492.193030
-177363.104130 -345518.797058 -112504.272410
-177311.136575 -345542.907493 -112516.349368
-177259.165114 -345567.010438 -112528.423905
-177207.189749 -345591.105895 -112540.496019
-177155.210480 -345615.193861 -112552.565711
-177103.227308 -345639.274337 -112564.632981
-177051.240235 -345663.347322 -112576.697828
-176999.249262 -345687.412816 -112588.760252
-176947.254391 -345711.470818 -112600.820252
-176895.255621 -345735.521328 -112612.877829
-176843.252955 -345759.564345 -112624.932983
-176791.246394 -345783.599869 -112636.985712
-176739.235939 -345807.627900 -112649.036017
-176687.221590 -345831.648437 -112661.083898
-176635.203350 -345855.661479 -112673.129354
-176583.181219 -345879.667026 -112685.172385
-176531.155199 -345903.665078 -112697.212991
-176479.125291 -345927.655634 -112709.251172
-176427.091495 -345951.638693 -112721.286926
-176375.053814 -345975.614256 -112733.320255
-176323.012248 -345999.582322 -112745.351158
-176270.966799 -346023.542890 -112757.379634
-176218.917467 -346047.495960 -112769.405684
-176166.864254 -346071.441531 -112781.429307
-176114.807161 -346095.379604 -112793.450503
-176062.746189 -346119.310176 -112805.469271
-176010.681340 -346143.233249 -112817.485612
-175958.612615 -346167.148822 -112829.499525
-175906.540014 -346191.056893 -112841.511010
-175854.463539 -346214.957464 -112853.520067
-175802.383191 -346238.850532 -112865.526695
-175750.298972 -346262.736098 -112877.530894
-175698.210882 -346286.614162 -112889.532664
-175646.118923 -346310.484722 -112901.532005
-175594.023096 -346334.347779 -112913.528917
-175541.923402 -346358.203332 -112925.523398
-175489.819842 -346382.051381 -112937.515450
-175437.712418 -346405.891924 -112949.505072
-175385.601130 -346429.724962 -112961.492263
-175333.485980 -346453.550494 -112973.477023
-175281.366969 -346477.368520 -112985.459352
-175229.244098 -346501.179039 -112997.439250
-175177.117369 -346524.982051 -113009.416717
-175124.986782 -346548.777555 -113021.391752
-175072.852339 -346572.565552 -113033.364355
-175020.714041 -346596.346039 -113045.334526
-174968.571889 -346620.119018 -113057.302264
-174916.425884 -346643.884487 -113069.267570
-174864.276028 -346667.642446 -113081.230443
-174812.122321 -346691.392895 -113093.190883
-174759.964766 -346715.135833 -113105.148890
-174707.803362 -346738.871259 -113117.104463
-174655.638111 -346762.599174 -113129.057602
-174603.469015 -346786.319577 -113141.008307
-174551.296075 -346810.032467 -113152.956578
-174499.119291 -346833.737844 -113164.902414
-174446.938665 -346857.435708 -113176.845815
-174394.754199 -346881.126057 -113188.786781
-174342.565892 -346904.808893 -113200.725313
-174290.373747 -346928.484213 -113212.661408
-174238.177765 -346952.152018 -113224.595068
-174185.977947 -346975.812307 -113236.526292
-174133.774294 -346999.465080 -113248.455079
-174081.566807 -347023.110336 -113260.381431
-174029.355488 -347046.748075 -113272.305345
-173977.140337 -347070.378296 -113284.226822
-173924.921356 -347094.001000 -113296.145863
-173872.698546 -347117.616185 -113308.062466
-173820.471908 -347141.223851 -113319.976631
-173768.241444 -347164.823998 -113331.888358
-173716.007154 -347188.416624 -113343.797648
-173663.769040 -347212.001731 -113355.704498
-173611.527103 -347235.579317 -113367.608911
-173559.281344 -347259.149382 -113379.510884
-173507.031764 -347282.711925 -113391.410418
-173454.778365 -347306.266946 -113403.307513
-173402.521148 -347329.814444 -113415.202169
-173350.260113 -347353.354420 -113427.094384
-173297.995262 -347376.886872 -113438.984160
-173245.726597 -347400.411800 -113450.871495
-173193.454118 -347423.929204 -113462.756390
-173141.177827 -347447.439083 -113474.638844
-173088.897724 -347470.941437 -113486.518857
-173036.613812 -347494.436266 -113498.396428
-172984.326090 -347517.923568 -113510.271559
-172932.034561 -347541.403344 -113522.144247
-172879.739226 -347564.875593 -113534.014494
-172827.440085 -347588.340314 -113545.882298
-172775.137140 -347611.797507 -113557.747660
-172722.830393 -347635.247173 -113569.610580
-172670.519843 -347658.689309 -113581.471056
-172618.205493 -347682.123916 -113593.329090
-172565.887344 -347705.550994 -113605.184680
-172513.565397 -347728.970541 -113617.037826
-172461.239652 -347752.382558 -113628.888529
-172461.065227 -347752.460586 -113628.928027

